0 0.036 0.0105 0.026 0.021
0 0.057 0.0215 0.024 0.021
0 0.007 0.043 0.014 0.02
0 0.0275 0.061 0.011 0.012
0 0.105 0.024 0.024 0.022
0 0.2205 0.0285 0.027 0.025
0 0.2185 0.045 0.013 0.016
0 0.0855 0.116 0.013 0.02
0 0.0415 0.136 0.017 0.026
0 0.0835 0.163 0.023 0.02
0 0.118 0.1385 0.022 0.033
0 0.064 0.1405 0.014 0.017
0 0.1465 0.1615 0.035 0.019
0 0.1405 0.187 0.021 0.022
0 0.0195 0.1865 0.017 0.021
0 0.0855 0.239 0.019 0.016
0 0.085 0.223 0.02 0.012
0 0.1365 0.227 0.017 0.024
0 0.164 0.2175 0.02 0.035
0 0.208 0.161 0.028 0.03
0 0.244 0.1835 0.028 0.027
0 0.019 0.281 0.022 0.026
0 0.0705 0.3305 0.023 0.021
0 0.072 0.386 0.022 0.024
0 0.1305 0.371 0.017 0.026
0 0.1565 0.321 0.023 0.026
0 0.1435 0.2575 0.017 0.019
0 0.19 0.2665 0.02 0.019
0 0.167 0.277 0.008 0.014
0 0.19 0.34 0.03 0.024
0 0.237 0.3495 0.018 0.015
0 0.185 0.396 0.022 0.026
0 0.154 0.4595 0.012 0.019
0 0.097 0.4 0.024 0.028
0 0.1725 0.505 0.017 0.034
0 0.0695 0.444 0.015 0.016
0 0.0065 0.5165 0.013 0.031
0 0.0365 0.6585 0.037 0.025
0 0.0705 0.6425 0.017 0.017
0 0.0645 0.657 0.011 0.01
0 0.09 0.6635 0.028 0.015
0 0.089 0.6365 0.028 0.041
0 0.112 0.5995 0.026 0.025
0 0.1415 0.573 0.023 0.02
0 0.1705 0.5625 0.021 0.035
0 0.1915 0.5725 0.027 0.023
0 0.192 0.522 0.018 0.016
0 0.193 0.534 0.012 0.01
0 0.171 0.683 0.024 0.024
0 0.1985 0.647 0.019 0.016
0 0.18 0.623 0.014 0.018
0 0.0095 0.7315 0.019 0.017
0 0.082 0.723 0.014 0.024
0 0.086 0.7545 0.02 0.017
0 0.063 0.764 0.03 0.02
0 0.1415 0.783 0.029 0.022
0 0.08 0.7945 0.018 0.019
0 0.137 0.8045 0.022 0.015
0 0.1635 0.83 0.025 0.016
0 0.191 0.732 0.022 0.02
0 0.0475 0.851 0.025 0.022
0 0.034 0.865 0.014 0.018
0 0.032 0.893 0.01 0.018
0 0.0475 0.905 0.019 0.018
0 0.212 0.9005 0.032 0.021
0 0.0145 0.989 0.025 0.02
0 0.0555 0.992 0.019 0.014
0 0.147 0.983 0.016 0.016
0 0.317 0.874 0.028 0.016
0 0.3285 0.8365 0.017 0.019
0 0.2765 0.8 0.023 0.028
0 0.242 0.71 0.024 0.022
0 0.2305 0.575 0.023 0.022
0 0.2545 0.6055 0.025 0.025
0 0.3045 0.618 0.019 0.02
0 0.263 0.5175 0.026 0.015
0 0.291 0.514 0.022 0.02
0 0.2235 0.3965 0.027 0.019
0 0.2695 0.337 0.019 0.012
0 0.2875 0.3485 0.011 0.021
0 0.305 0.331 0.012 0.012
0 0.317 0.321 0.012 0.014
0 0.2475 0.3865 0.027 0.025
0 0.296 0.391 0.016 0.02
0 0.267 0.962 0.006 0.024
0 0.3135 0.978 0.015 0.02
0 0.1765 0.9875 0.015 0.019
0 0.3585 0.878 0.017 0.012
0 0.3865 0.895 0.017 0.018
0 0.3845 0.9215 0.025 0.019
0 0.4255 0.9145 0.011 0.019
0 0.44 0.939 0.018 0.022
0 0.4475 0.912 0.031 0.012
0 0.6095 0.932 0.015 0.016
0 0.5675 0.9025 0.027 0.021
0 0.5475 0.9195 0.013 0.013
0 0.5875 0.8785 0.021 0.019
0 0.6345 0.8865 0.011 0.015
0 0.6485 0.891 0.019 0.014
0 0.669 0.984 0.016 0.02
0 0.691 0.922 0.014 0.014
0 0.721 0.9105 0.038 0.023
0 0.691 0.8995 0.034 0.021
0 0.9265 0.98 0.013 0.026
0 0.8865 0.9785 0.015 0.009
0 0.962 0.9525 0.018 0.029
0 0.9495 0.915 0.015 0.024
0 0.925 0.8875 0.024 0.011
0 0.9455 0.8745 0.019 0.013
0 0.969 0.8525 0.01 0.013
0 0.789 0.8065 0.022 0.021
0 0.739 0.839 0.022 0.024
0 0.62 0.823 0.02 0.02
0 0.661 0.8215 0.02 0.013
0 0.5495 0.8605 0.025 0.019
0 0.5685 0.857 0.019 0.024
0 0.5385 0.839 0.023 0.022
0 0.5035 0.801 0.021 0.022
0 0.422 0.7995 0.024 0.019
0 0.39 0.775 0.018 0.028
0 0.3305 0.7755 0.023 0.021
0 0.3505 0.753 0.035 0.016
0 0.4155 0.7315 0.029 0.021
0 0.4465 0.7225 0.021 0.015
0 0.444 0.74 0.018 0.018
0 0.5085 0.7175 0.023 0.021
0 0.5415 0.7045 0.019 0.021
0 0.569 0.7245 0.018 0.025
0 0.557 0.7575 0.014 0.023
0 0.568 0.8095 0.022 0.019
0 0.771 0.774 0.026 0.024
0 0.9175 0.7295 0.023 0.019
0 0.9235 0.716 0.025 0.018
0 0.9605 0.715 0.021 0.026
0 0.965 0.7585 0.014 0.017
0 0.98 0.7535 0.012 0.025
0 0.983 0.675 0.018 0.02
0 0.9735 0.6465 0.021 0.029
0 0.992 0.6455 0.014 0.023
0 0.69 0.743 0.016 0.02
0 0.6725 0.736 0.019 0.022
0 0.6365 0.73 0.017 0.018
0 0.599 0.694 0.028 0.02
0 0.6415 0.7045 0.027 0.027
0 0.6475 0.682 0.025 0.02
0 0.76 0.7095 0.022 0.019
0 0.8105 0.7135 0.021 0.019
0 0.892 0.7005 0.026 0.023
0 0.921 0.696 0.028 0.02
0 0.877 0.6725 0.03 0.023
0 0.9015 0.6205 0.023 0.027
0 0.9375 0.581 0.023 0.028
0 0.9635 0.596 0.017 0.028
0 0.989 0.601 0.018 0.014
0 0.957 0.5445 0.028 0.025
0 0.9895 0.5355 0.019 0.023
0 0.899 0.559 0.036 0.022
0 0.8545 0.564 0.023 0.016
0 0.806 0.589 0.022 0.022
0 0.847 0.53 0.026 0.02
0 0.7295 0.5825 0.027 0.015
0 0.6845 0.6515 0.017 0.017
0 0.363 0.641 0.024 0.022
0 0.3635 0.6185 0.019 0.017
0 0.3885 0.6175 0.017 0.025
0 0.4855 0.658 0.021 0.02
0 0.515 0.665 0.02 0.016
0 0.5375 0.645 0.021 0.024
0 0.595 0.6525 0.026 0.019
0 0.468 0.593 0.02 0.026
0 0.4835 0.5575 0.015 0.015
0 0.3765 0.5425 0.025 0.023
0 0.3705 0.5195 0.021 0.021
0 0.397 0.484 0.022 0.026
0 0.3665 0.473 0.027 0.026
0 0.423 0.468 0.016 0.026
0 0.728 0.6715 0.02 0.017
0 0.765 0.6635 0.022 0.019
0 0.7955 0.685 0.029 0.02
0 0.837 0.787 0.014 0.016
0 0.8605 0.8105 0.027 0.029
0 0.849 0.6685 0.016 0.025
0 0.985 0.496 0.014 0.022
0 0.9635 0.4795 0.017 0.015
0 0.8225 0.475 0.029 0.022
0 0.714 0.5005 0.032 0.019
0 0.7805 0.481 0.015 0.026
0 0.5775 0.523 0.017 0.03
0 0.6125 0.583 0.007 0.02
0 0.6495 0.601 0.015 0.018
0 0.7125 0.551 0.011 0.02
0 0.7765 0.555 0.013 0.014
0 0.684 0.52 0.018 0.016
0 0.704 0.467 0.018 0.016
0 0.358 0.406 0.022 0.024
0 0.3955 0.389 0.017 0.024
0 0.399 0.4325 0.012 0.017
0 0.4175 0.429 0.025 0.014
0 0.4445 0.4375 0.029 0.015
0 0.4495 0.389 0.021 0.022
0 0.4635 0.3775 0.019 0.029
0 0.4865 0.38 0.025 0.02
0 0.3815 0.31 0.025 0.022
0 0.357 0.2885 0.02 0.027
0 0.224 0.316 0.016 0.014
0 0.3055 0.2785 0.025 0.029
0 0.2925 0.2265 0.031 0.017
0 0.2455 0.222 0.019 0.016
0 0.306 0.162 0.018 0.024
0 0.2825 0.1185 0.027 0.023
0 0.254 0.0975 0.032 0.027
0 0.297 0.0525 0.024 0.023
0 0.3095 0.035 0.021 0.018
0 0.3855 0.0115 0.029 0.023
0 0.325 0.073 0.02 0.02
0 0.3745 0.103 0.021 0.02
0 0.369 0.132 0.026 0.024
0 0.4605 0.129 0.025 0.02
0 0.4455 0.102 0.025 0.03
0 0.3965 0.1135 0.027 0.021
0 0.376 0.053 0.02 0.02
0 0.42 0.0305 0.028 0.019
0 0.465 0.043 0.018 0.016
0 0.495 0.0075 0.02 0.015
0 0.5305 0.0195 0.027 0.021
0 0.5405 0.105 0.031 0.03
0 0.5535 0.0595 0.033 0.029
0 0.5795 0.0325 0.017 0.017
0 0.5785 0.101 0.023 0.022
0 0.5635 0.1485 0.021 0.027
0 0.5535 0.183 0.023 0.026
0 0.487 0.1955 0.012 0.021
0 0.6045 0.912 0.013 0.014
0 0.4585 0.856 0.015 0.026
0 0.297 0.703 0.02 0.02
0 0.0045 0.8165 0.009 0.023
0 0.004 0.856 0.008 0.022
0 0.103 0.637 0.02 0.016
0 0.2055 0.4955 0.021 0.019
0 0.2925 0.54 0.015 0.024
0 0.451 0.519 0.018 0.014
0 0.5555 0.439 0.023 0.018
0 0.578 0.446 0.016 0.02
0 0.5125 0.398 0.029 0.022
0 0.571 0.37 0.024 0.022
0 0.502 0.3495 0.026 0.025
0 0.528 0.35 0.024 0.02
0 0.5475 0.306 0.029 0.02
0 0.437 0.2655 0.02 0.023
0 0.4245 0.2415 0.021 0.015
0 0.358 0.2405 0.014 0.017
0 0.366 0.194 0.02 0.024
0 0.223 0.245 0.028 0.014
0 0.2395 0.3 0.015 0.016
0 0.106 0.0655 0.022 0.031
0 0.4555 0.2315 0.015 0.017
0 0.477 0.2245 0.014 0.019
0 0.495 0.2605 0.016 0.019
0 0.5225 0.248 0.019 0.016
0 0.552 0.2475 0.022 0.019
0 0.625 0.322 0.022 0.02
0 0.67 0.3085 0.014 0.019
0 0.6695 0.339 0.039 0.024
0 0.6045 0.374 0.017 0.018
0 0.7025 0.399 0.027 0.022
0 0.6975 0.4335 0.021 0.027
0 0.872 0.402 0.022 0.034
0 0.989 0.4095 0.014 0.017
0 0.9035 0.3665 0.019 0.023
0 0.9075 0.3845 0.037 0.011
0 0.912 0.335 0.016 0.024
0 0.8705 0.333 0.021 0.018
0 0.806 0.3115 0.022 0.025
0 0.7165 0.317 0.023 0.022
0 0.7665 0.297 0.021 0.02
0 0.81 0.263 0.03 0.018
0 0.8445 0.253 0.023 0.02
0 0.8695 0.247 0.015 0.018
0 0.954 0.269 0.014 0.012
0 0.9385 0.3035 0.023 0.023
0 0.8555 0.2885 0.023 0.021
0 0.9805 0.3345 0.017 0.017
0 0.9455 0.2265 0.027 0.021
0 0.9895 0.2025 0.019 0.021
0 0.8715 0.2145 0.033 0.025
0 0.727 0.2645 0.034 0.019
0 0.607 0.261 0.034 0.022
0 0.6175 0.243 0.017 0.028
0 0.6215 0.1845 0.037 0.033
0 0.6555 0.179 0.023 0.024
0 0.613 0.1215 0.03 0.023
0 0.6165 0.0715 0.017 0.015
0 0.6625 0.0325 0.023 0.019
0 0.74 0.0365 0.028 0.037
0 0.7175 0.093 0.029 0.022
0 0.7085 0.121 0.023 0.022
0 0.754 0.11 0.02 0.02
0 0.738 0.1255 0.02 0.023
0 0.703 0.217 0.02 0.02
0 0.7275 0.2305 0.033 0.029
0 0.7925 0.2415 0.029 0.017
0 0.8245 0.2055 0.023 0.025
0 0.863 0.1805 0.026 0.025
0 0.974 0.146 0.02 0.024
0 0.988 0.1425 0.022 0.043
0 0.8135 0.1575 0.037 0.025
0 0.8795 0.121 0.025 0.034
0 0.858 0.1 0.028 0.022
0 0.8305 0.0615 0.023 0.021
0 0.7625 0.0605 0.023 0.023
0 0.9275 0.095 0.027 0.034
0 0.975 0.105 0.018 0.024
0 0.9925 0.0465 0.013 0.025
0 0.9305 0.0235 0.029 0.023
0 0.96 0.0125 0.03 0.025
0 0.5905 0.015 0.013 0.016
0 0.587 0.3315 0.02 0.013
0 0.7185 0.4265 0.017 0.019
0 0.7485 0.4365 0.023 0.019
0 0.7555 0.379 0.017 0.018
0 0.795 0.3735 0.022 0.019
0 0.829 0.3965 0.016 0.023
0 0.6185 0.527 0.021 0.018
0 0.614 0.561 0.018 0.016
0 0.512 0.597 0.018 0.022
0 0.48 0.6875 0.022 0.019
0 0.398 0.8265 0.016 0.017
0 0.5095 0.636 0.015 0.024
0 0.541 0.669 0.01 0.016
0 0.6935 0.8205 0.013 0.019
0 0.666 0.8325 0.018 0.025
0 0.7945 0.9945 0.017 0.009
0 0.916 0.87 0.022 0.014
0 0.871 0.848 0.026 0.016
0 0.841 0.7065 0.024 0.015
0 0.8335 0.722 0.017 0.016
0 0.9515 0.613 0.013 0.02
0 0.854 0.5985 0.032 0.019
0 0.5785 0.495 0.019 0.018
0 0.736 0.389 0.024 0.016
0 0.829 0.3405 0.018 0.015
0 0.6345 0.23 0.015 0.026
0 0.444 0.3665 0.018 0.019
0 0.3965 0.296 0.013 0.018
0 0.393 0.653 0.014 0.014
0 0.2025 0.684 0.025 0.024
0 0.13 0.427 0.026 0.026
0 0.31 0.22 0.028 0.018
0 0.1565 0.1805 0.021 0.015
0 0.044 0.102 0.036 0.03
0 0.0845 0.1345 0.019 0.021
0 0.5565 0.359 0.013 0.03
0 0.534 0.322 0.018 0.01
0 0.4315 0.197 0.017 0.024
0 0.3715 0.2065 0.021 0.023
0 0.34 0.2525 0.026 0.021
0 0.5995 0.954 0.023 0.02
