0 0.0225 0.0105 0.023 0.019
0 0.059 0.0075 0.022 0.013
0 0.0925 0.0075 0.021 0.013
0 0.0945 0.038 0.025 0.03
0 0.1185 0.098 0.021 0.028
0 0.0855 0.0975 0.017 0.019
0 0.1065 0.1295 0.021 0.025
0 0.055 0.1225 0.022 0.021
0 0.059 0.173 0.03 0.03
0 0.0895 0.1725 0.027 0.025
0 0.076 0.155 0.022 0.02
0 0.0695 0.1985 0.023 0.027
0 0.0795 0.234 0.025 0.022
0 0.0435 0.218 0.025 0.02
0 0.212 0.2065 0.022 0.023
0 0.2475 0.1445 0.025 0.027
0 0.261 0.105 0.024 0.024
0 0.2355 0.0775 0.023 0.021
0 0.256 0.0575 0.02 0.017
0 0.281 0.0235 0.026 0.011
0 0.355 0.0505 0.022 0.025
0 0.411 0.06 0.024 0.028
0 0.4515 0.0415 0.031 0.035
0 0.445 0.0075 0.028 0.013
0 0.523 0.016 0.028 0.022
0 0.5695 0.037 0.023 0.024
0 0.5995 0.0625 0.019 0.019
0 0.596 0.0285 0.018 0.023
0 0.629 0.0165 0.028 0.021
0 0.6865 0.0165 0.019 0.019
0 0.688 0.041 0.016 0.02
0 0.768 0.016 0.02 0.022
0 0.793 0.031 0.022 0.026
0 0.8325 0.038 0.029 0.028
0 0.8995 0.0165 0.025 0.025
0 0.8575 0.0065 0.023 0.013
0 0.8 0.0075 0.02 0.015
0 0.8995 0.0715 0.023 0.013
0 0.928 0.0745 0.026 0.015
0 0.961 0.066 0.022 0.022
0 0.848 0.092 0.024 0.018
0 0.895 0.1035 0.022 0.021
0 0.857 0.108 0.024 0.016
0 0.9545 0.143 0.031 0.022
0 0.993 0.112 0.012 0.024
0 0.938 0.17 0.03 0.026
0 0.926 0.1985 0.022 0.027
0 0.935 0.2525 0.024 0.025
0 0.9905 0.1785 0.017 0.027
0 0.926 0.286 0.028 0.03
0 0.9645 0.3045 0.023 0.021
0 0.9785 0.329 0.027 0.03
0 0.9145 0.376 0.029 0.026
0 0.897 0.4185 0.032 0.027
0 0.868 0.3845 0.024 0.027
0 0.477 0.3785 0.024 0.023
0 0.4405 0.337 0.017 0.024
0 0.5705 0.347 0.027 0.02
0 0.5995 0.376 0.027 0.026
0 0.619 0.347 0.03 0.02
0 0.6565 0.3565 0.031 0.025
0 0.66 0.386 0.028 0.024
0 0.7695 0.434 0.023 0.024
0 0.8185 0.395 0.029 0.028
0 0.8475 0.323 0.029 0.03
0 0.5095 0.419 0.023 0.024
0 0.535 0.2495 0.024 0.021
0 0.504 0.2535 0.022 0.029
0 0.529 0.2105 0.032 0.029
0 0.589 0.1575 0.024 0.021
0 0.6535 0.1165 0.027 0.023
0 0.697 0.1065 0.016 0.019
0 0.7195 0.1015 0.023 0.023
0 0.7615 0.094 0.025 0.014
0 0.6835 0.069 0.029 0.026
0 0.8075 0.07 0.017 0.014
0 0.8565 0.1555 0.019 0.011
0 0.811 0.195 0.03 0.024
0 0.8365 0.223 0.023 0.02
0 0.806 0.229 0.03 0.026
0 0.7765 0.244 0.025 0.018
0 0.8485 0.283 0.023 0.024
0 0.9445 0.3905 0.023 0.019
0 0.9815 0.4765 0.023 0.017
0 0.946 0.4625 0.022 0.025
0 0.962 0.5345 0.024 0.019
0 0.9355 0.565 0.021 0.022
0 0.9535 0.6265 0.029 0.017
0 0.88 0.7195 0.024 0.021
0 0.8755 0.686 0.025 0.03
0 0.897 0.742 0.026 0.022
0 0.9125 0.7675 0.025 0.021
0 0.967 0.815 0.022 0.038
0 0.982 0.8285 0.014 0.053
0 0.9795 0.8925 0.023 0.035
0 0.979 0.941 0.02 0.014
0 0.9895 0.923 0.017 0.026
0 0.9655 0.958 0.017 0.014
0 0.931 0.9795 0.028 0.029
0 0.8345 0.971 0.021 0.026
0 0.8035 0.9565 0.029 0.019
0 0.6725 0.9665 0.021 0.023
0 0.687 0.9375 0.022 0.021
0 0.7395 0.9245 0.021 0.015
0 0.7515 0.919 0.011 0.01
0 0.573 0.9715 0.028 0.023
0 0.5485 0.9425 0.021 0.023
0 0.4835 0.95 0.033 0.03
0 0.4655 0.9715 0.029 0.029
0 0.4955 0.98 0.023 0.02
0 0.4155 0.9565 0.029 0.029
0 0.4035 0.993 0.021 0.012
0 0.38 0.9455 0.022 0.021
0 0.374 0.9195 0.026 0.025
0 0.337 0.9635 0.024 0.021
0 0.227 0.8955 0.024 0.025
0 0.2395 0.8605 0.023 0.021
0 0.236 0.825 0.024 0.024
0 0.1915 0.839 0.021 0.02
0 0.3125 0.8265 0.023 0.021
0 0.292 0.789 0.024 0.026
0 0.385 0.773 0.024 0.026
0 0.413 0.7715 0.024 0.021
0 0.446 0.7725 0.028 0.025
0 0.4315 0.752 0.019 0.02
0 0.4 0.755 0.018 0.02
0 0.483 0.7325 0.022 0.015
0 0.561 0.6865 0.022 0.017
0 0.5695 0.6555 0.021 0.023
0 0.611 0.663 0.026 0.022
0 0.676 0.6865 0.024 0.021
0 0.7635 0.701 0.023 0.018
0 0.6945 0.71 0.021 0.016
0 0.527 0.674 0.028 0.024
0 0.597 0.625 0.028 0.024
0 0.639 0.606 0.026 0.022
0 0.681 0.6355 0.032 0.029
0 0.712 0.6205 0.02 0.015
0 0.659 0.591 0.024 0.02
0 0.6485 0.5595 0.019 0.023
0 0.614 0.5825 0.026 0.029
0 0.582 0.547 0.024 0.026
0 0.569 0.522 0.022 0.022
0 0.539 0.5485 0.024 0.023
0 0.5535 0.591 0.031 0.026
0 0.553 0.5705 0.028 0.025
0 0.5145 0.5725 0.027 0.021
0 0.467 0.578 0.028 0.022
0 0.4855 0.5975 0.025 0.025
0 0.459 0.5465 0.02 0.021
0 0.443 0.495 0.026 0.022
0 0.391 0.4715 0.028 0.021
0 0.408 0.447 0.024 0.024
0 0.4115 0.4875 0.027 0.027
0 0.4025 0.534 0.023 0.028
0 0.372 0.5685 0.026 0.023
0 0.359 0.5365 0.022 0.023
0 0.292 0.5165 0.028 0.025
0 0.2825 0.472 0.021 0.02
0 0.3015 0.4535 0.025 0.017
0 0.261 0.439 0.02 0.016
0 0.2355 0.4955 0.027 0.031
0 0.1965 0.487 0.027 0.024
0 0.1605 0.537 0.023 0.02
0 0.174 0.5725 0.024 0.025
0 0.2045 0.6065 0.031 0.021
0 0.161 0.6115 0.024 0.019
0 0.193 0.6315 0.028 0.017
0 0.073 0.741 0.026 0.028
0 0.055 0.698 0.026 0.024
0 0.0685 0.6785 0.029 0.031
0 0.072 0.6385 0.024 0.027
0 0.0545 0.5915 0.021 0.025
0 0.311 0.254 0.02 0.026
0 0.2895 0.2215 0.025 0.025
0 0.334 0.1615 0.026 0.025
0 0.3305 0.1175 0.027 0.025
0 0.3685 0.087 0.019 0.024
0 0.3055 0.133 0.019 0.02
0 0.13 0.3245 0.018 0.027
0 0.2085 0.337 0.023 0.02
0 0.1755 0.349 0.027 0.024
0 0.1595 0.3885 0.025 0.021
0 0.2075 0.3965 0.021 0.017
0 0.2695 0.372 0.023 0.02
0 0.3025 0.3515 0.029 0.029
0 0.2945 0.312 0.031 0.03
0 0.3015 0.29 0.025 0.028
0 0.321 0.327 0.018 0.024
0 0.275 0.268 0.02 0.02
0 0.1145 0.2955 0.015 0.017
0 0.2645 0.189 0.029 0.03
0 0.275 0.171 0.02 0.028
0 0.303 0.158 0.03 0.03
0 0.301 0.1985 0.022 0.023
0 0.367 0.232 0.02 0.022
0 0.494 0.16 0.028 0.024
0 0.4725 0.088 0.023 0.018
0 0.498 0.0385 0.028 0.023
0 0.5555 0.07 0.025 0.026
0 0.5685 0.0945 0.027 0.013
0 0.5905 0.1005 0.023 0.015
0 0.6245 0.114 0.025 0.018
0 0.646 0.2075 0.024 0.023
0 0.7005 0.215 0.011 0.026
0 0.737 0.194 0.018 0.022
0 0.8065 0.2845 0.021 0.023
0 0.734 0.2495 0.018 0.029
0 0.6615 0.272 0.023 0.026
0 0.6255 0.2755 0.027 0.025
0 0.664 0.3105 0.03 0.019
0 0.484 0.312 0.018 0.01
0 0.468 0.333 0.028 0.022
0 0.523 0.3405 0.022 0.021
0 0.779 0.3325 0.028 0.023
0 0.789 0.3725 0.022 0.013
0 0.757 0.3995 0.02 0.019
0 0.721 0.4635 0.026 0.017
0 0.6915 0.433 0.017 0.016
0 0.6835 0.41 0.019 0.02
0 0.6525 0.436 0.029 0.024
0 0.623 0.463 0.024 0.016
0 0.6305 0.395 0.027 0.022
0 0.618 0.428 0.026 0.03
0 0.591 0.4405 0.022 0.023
0 0.587 0.4085 0.034 0.035
0 0.5515 0.4165 0.027 0.019
0 0.779 0.566 0.024 0.022
0 0.808 0.5525 0.028 0.029
0 0.8415 0.5395 0.043 0.027
0 0.882 0.5225 0.028 0.041
0 0.8905 0.4735 0.025 0.017
0 0.915 0.475 0.018 0.024
0 0.8415 0.6095 0.025 0.019
0 0.813 0.619 0.02 0.016
0 0.8515 0.7175 0.029 0.065
0 0.77 0.741 0.062 0.018
0 0.868 0.779 0.022 0.038
0 0.813 0.7805 0.016 0.021
0 0.747 0.805 0.018 0.018
0 0.74 0.8275 0.022 0.021
0 0.727 0.8555 0.022 0.021
0 0.7095 0.8245 0.021 0.019
0 0.6885 0.798 0.023 0.022
0 0.643 0.859 0.022 0.018
0 0.6795 0.855 0.019 0.028
0 0.623 0.8325 0.024 0.025
0 0.511 0.799 0.032 0.03
0 0.5235 0.8205 0.025 0.023
0 0.5195 0.7695 0.025 0.021
0 0.567 0.7665 0.05 0.019
0 0.567 0.744 0.022 0.012
0 0.468 0.8755 0.024 0.025
0 0.493 0.84 0.016 0.014
0 0.4335 0.8435 0.021 0.019
0 0.4375 0.8965 0.027 0.031
0 0.496 0.8795 0.026 0.021
0 0.335 0.861 0.032 0.026
0 0.36 0.7195 0.03 0.021
0 0.383 0.687 0.026 0.024
0 0.402 0.6285 0.018 0.025
0 0.3695 0.598 0.025 0.026
0 0.319 0.6215 0.032 0.019
0 0.287 0.5905 0.026 0.025
0 0.2745 0.5535 0.025 0.023
0 0.084 0.5265 0.026 0.025
0 0.039 0.547 0.022 0.022
0 0.051 0.524 0.018 0.014
0 0.007 0.496 0.012 0.026
0 0.0075 0.464 0.013 0.032
0 0.1415 0.428 0.029 0.034
0 0.177 0.7715 0.032 0.027
0 0.2385 0.7185 0.021 0.015
0 0.266 0.657 0.028 0.018
0 0.244 0.638 0.04 0.026
0 0.1515 0.6925 0.013 0.021
0 0.1395 0.66 0.011 0.012
0 0.1205 0.797 0.019 0.024
0 0.145 0.764 0.02 0.028
0 0.173 0.746 0.018 0.012
0 0.1595 0.8785 0.025 0.025
0 0.0775 0.891 0.021 0.026
0 0.0725 0.819 0.021 0.044
0 0.0645 0.842 0.023 0.034
0 0.031 0.973 0.018 0.022
0 0.0295 0.936 0.023 0.016
0 0.284 0.8805 0.016 0.013
0 0.3085 0.882 0.015 0.034
0 0.2865 0.8475 0.011 0.029
0 0.1895 0.877 0.021 0.022
0 0.1265 0.85 0.023 0.024
0 0.1935 0.9015 0.019 0.019
0 0.318 0.985 0.026 0.024
0 0.1825 0.9465 0.021 0.023
0 0.1495 0.953 0.019 0.016
0 0.441 0.8185 0.022 0.021
0 0.366 0.856 0.024 0.024
0 0.6025 0.8785 0.011 0.009
0 0.704 0.9135 0.034 0.021
0 0.723 0.9465 0.02 0.021
0 0.7985 0.8345 0.025 0.019
0 0.664 0.762 0.024 0.01
0 0.592 0.748 0.016 0.01
0 0.837 0.846 0.064 0.046
0 0.853 0.863 0.052 0.024
0 0.761 0.8345 0.018 0.015
0 0.7765 0.823 0.013 0.02
0 0.8215 0.7305 0.023 0.037
0 0.798 0.7065 0.022 0.039
0 0.5385 0.619 0.023 0.024
0 0.5845 0.5895 0.019 0.023
0 0.6325 0.4775 0.027 0.029
0 0.495 0.535 0.024 0.022
0 0.4735 0.5125 0.021 0.023
0 0.5365 0.453 0.029 0.024
0 0.4355 0.391 0.027 0.026
0 0.356 0.421 0.032 0.022
0 0.3675 0.392 0.033 0.026
0 0.552 0.4825 0.028 0.025
0 0.6005 0.506 0.045 0.026
0 0.7075 0.532 0.019 0.022
0 0.7305 0.516 0.025 0.028
0 0.6675 0.5045 0.019 0.015
0 0.692 0.545 0.012 0.016
0 0.724 0.569 0.036 0.03
0 0.814 0.4675 0.028 0.021
0 0.7905 0.452 0.027 0.024
0 0.764 0.46 0.022 0.024
0 0.782 0.4145 0.03 0.029
0 0.829 0.3475 0.018 0.023
0 0.7125 0.3375 0.033 0.023
0 0.708 0.317 0.024 0.022
0 0.687 0.328 0.026 0.026
0 0.721 0.3555 0.038 0.021
0 0.0405 0.771 0.025 0.022
0 0.6445 0.895 0.019 0.016
0 0.8195 0.918 0.027 0.016
0 0.581 0.8585 0.018 0.015
0 0.494 0.6605 0.018 0.029
0 0.981 0.5755 0.026 0.027
0 0.9175 0.5155 0.029 0.025
0 0.834 0.5005 0.012 0.015
0 0.869 0.486 0.024 0.02
0 0.987 0.5105 0.024 0.021
0 0.762 0.6005 0.022 0.017
0 0.816 0.5825 0.026 0.025
0 0.8445 0.574 0.019 0.016
0 0.976 0.6025 0.03 0.023
0 0.983 0.627 0.02 0.02
0 0.966 0.724 0.026 0.026
0 0.87 0.4335 0.018 0.025
0 0.9645 0.276 0.017 0.01
0 0.9785 0.243 0.021 0.024
0 0.903 0.0465 0.024 0.019
0 0.939 0.048 0.022 0.02
0 0.945 0.0145 0.02 0.017
0 0.785 0.188 0.026 0.022
0 0.8335 0.161 0.015 0.014
0 0.873 0.1765 0.016 0.027
0 0.9125 0.2215 0.029 0.023
0 0.754 0.2175 0.024 0.023
0 0.696 0.0845 0.018 0.015
0 0.685 0.1445 0.026 0.029
0 0.699 0.161 0.016 0.026
0 0.622 0.176 0.024 0.028
0 0.545 0.1375 0.04 0.039
0 0.556 0.144 0.022 0.028
0 0.54 0.1905 0.034 0.035
0 0.5045 0.186 0.029 0.024
0 0.434 0.125 0.042 0.03
0 0.515 0.0845 0.028 0.031
0 0.519 0.038 0.026 0.022
0 0.6925 0.3755 0.029 0.015
0 0.711 0.3935 0.018 0.021
0 0.6615 0.2415 0.025 0.021
0 0.5675 0.271 0.025 0.022
0 0.5205 0.2825 0.021 0.017
0 0.436 0.257 0.012 0.02
0 0.426 0.217 0.024 0.024
0 0.3975 0.1975 0.015 0.017
0 0.3865 0.156 0.019 0.02
0 0.458 0.1435 0.014 0.013
0 0.477 0.1325 0.02 0.021
0 0.382 0.2795 0.02 0.021
0 0.419 0.2895 0.024 0.023
0 0.462 0.2885 0.04 0.023
0 0.3845 0.3155 0.013 0.015
0 0.4765 0.0665 0.025 0.017
0 0.5 0.3685 0.02 0.023
0 0.2955 0.107 0.023 0.028
0 0.2235 0.109 0.027 0.03
0 0.284 0.0575 0.028 0.027
0 0.25 0.006 0.026 0.012
0 0.1865 0.0325 0.013 0.035
0 0.205 0.0425 0.02 0.031
0 0.119 0.029 0.014 0.02
0 0.016 0.0455 0.026 0.025
0 0.0395 0.081 0.011 0.016
0 0.0215 0.0835 0.019 0.017
0 0.045 0.105 0.02 0.014
0 0.021 0.1315 0.018 0.027
0 0.0175 0.1915 0.025 0.041
0 0.112 0.254 0.03 0.026
0 0.129 0.2245 0.02 0.019
0 0.1455 0.261 0.027 0.066
0 0.1765 0.2695 0.027 0.029
0 0.059 0.4385 0.016 0.039
0 0.0375 0.417 0.023 0.046
0 0.0395 0.3935 0.017 0.029
0 0.096 0.4735 0.016 0.017
0 0.0855 0.404 0.025 0.018
0 0.1965 0.587 0.021 0.01
0 0.228 0.5245 0.042 0.019
0 0.1795 0.504 0.025 0.018
0 0.3225 0.4305 0.021 0.009
0 0.3155 0.7515 0.021 0.015
0 0.361 0.6955 0.018 0.021
0 0.363 0.88 0.018 0.012
0 0.084 0.4555 0.026 0.023
0 0.8635 0.26 0.013 0.014
0 0.7535 0.111 0.019 0.016
0 0.7155 0.0055 0.021 0.011
0 0.66 0.712 0.036 0.02
0 0.625 0.7015 0.028 0.023
0 0.1305 0.714 0.017 0.024
0 0.1205 0.701 0.011 0.018
0 0.0215 0.738 0.027 0.048
0 0.026 0.697 0.02 0.022
0 0.9115 0.9645 0.011 0.013
0 0.0435 0.5725 0.023 0.019
0 0.0685 0.5585 0.021 0.027
0 0.521 0.5255 0.022 0.025
0 0.9905 0.15 0.015 0.018
0 0.986 0.2075 0.026 0.029
0 0.9915 0.7375 0.015 0.033
0 0.883 0.993 0.02 0.012
0 0.65 0.99 0.026 0.018
0 0.0095 0.531 0.017 0.018
0 0.1155 0.996 0.025 0.006
0 0.0885 0.987 0.027 0.024
0 0.0495 0.992 0.017 0.014
0 0.34 0.0525 0.014 0.029
