0 0.2545 0.2835 0.045 0.037
0 0.1805 0.327 0.041 0.038
0 0.0375 0.067 0.019 0.018
0 0.0415 0.0825 0.023 0.019
0 0.11 0.2795 0.016 0.027
0 0.025 0.7745 0.02 0.021
0 0.066 0.8225 0.032 0.013
0 0.0455 0.7795 0.021 0.021
0 0.0635 0.79 0.025 0.022
0 0.084 0.8 0.018 0.02
0 0.06 0.5205 0.024 0.029
0 0.0415 0.4905 0.051 0.021
0 0.0605 0.3905 0.019 0.015
0 0.091 0.249 0.018 0.03
0 0.107 0.187 0.03 0.024
0 0.6925 0.085 0.021 0.034
0 0.819 0.0525 0.02 0.021
0 0.827 0.1685 0.024 0.025
0 0.861 0.1595 0.024 0.025
0 0.8505 0.139 0.015 0.024
0 0.8665 0.0975 0.029 0.033
0 0.762 0.0615 0.022 0.023
0 0.8855 0.179 0.031 0.042
0 0.8445 0.21 0.031 0.046
0 0.777 0.2195 0.02 0.019
0 0.891 0.124 0.022 0.034
0 0.817 0.339 0.03 0.03
0 0.704 0.197 0.04 0.034
0 0.659 0.317 0.03 0.04
0 0.7395 0.196 0.031 0.038
0 0.7585 0.2145 0.017 0.019
0 0.2635 0.125 0.037 0.038
0 0.2405 0.163 0.039 0.044
0 0.801 0.2535 0.042 0.043
0 0.8255 0.2575 0.035 0.051
0 0.843 0.386 0.034 0.034
0 0.8335 0.4405 0.029 0.039
0 0.857 0.4345 0.036 0.047
0 0.918 0.413 0.032 0.03
0 0.9405 0.418 0.023 0.028
0 0.8865 0.45 0.021 0.038
0 0.934 0.519 0.026 0.04
0 0.901 0.4885 0.032 0.033
0 0.8865 0.6385 0.027 0.021
0 0.676 0.5705 0.018 0.027
0 0.795 0.5435 0.028 0.033
0 0.6 0.6275 0.026 0.027
0 0.477 0.562 0.038 0.026
0 0.3885 0.5085 0.045 0.037
0 0.3825 0.402 0.031 0.024
0 0.3585 0.2845 0.037 0.041
0 0.3195 0.2505 0.041 0.037
0 0.4015 0.1705 0.039 0.045
0 0.4445 0.1175 0.033 0.035
0 0.482 0.2055 0.038 0.047
0 0.365 0.2165 0.038 0.029
0 0.245 0.3555 0.034 0.025
0 0.158 0.392 0.046 0.058
0 0.032 0.4085 0.03 0.047
0 0.0395 0.4575 0.037 0.035
0 0.109 0.502 0.04 0.046
0 0.193 0.4365 0.036 0.031
0 0.178 0.4745 0.028 0.043
0 0.4285 0.3805 0.037 0.029
0 0.404 0.398 0.03 0.024
0 0.275 0.4975 0.04 0.031
0 0.192 0.523 0.036 0.05
0 0.1635 0.53 0.041 0.042
0 0.3765 0.449 0.027 0.03
0 0.5355 0.4045 0.051 0.029
0 0.521 0.429 0.032 0.024
0 0.549 0.4335 0.038 0.031
0 0.3885 0.6075 0.033 0.029
0 0.4215 0.6135 0.037 0.023
0 0.4495 0.6025 0.029 0.025
0 0.42 0.6485 0.026 0.027
0 0.527 0.3565 0.052 0.029
0 0.524 0.2255 0.04 0.037
0 0.5505 0.247 0.037 0.032
0 0.524 0.2575 0.03 0.029
0 0.56 0.292 0.038 0.034
0 0.501 0.3035 0.046 0.043
0 0.515 0.3235 0.046 0.039
0 0.8605 0.3065 0.041 0.055
0 0.7255 0.301 0.037 0.04
0 0.743 0.282 0.022 0.046
0 0.739 0.4565 0.024 0.029
0 0.6225 0.1655 0.035 0.029
0 0.622 0.015 0.03 0.026
0 0.632 0.0265 0.028 0.025
0 0.811 0.1005 0.022 0.023
0 0.8235 0.086 0.031 0.024
0 0.7705 0.5715 0.031 0.051
0 0.621 0.5965 0.036 0.035
0 0.6665 0.6225 0.033 0.037
0 0.646 0.6025 0.026 0.033
0 0.5445 0.588 0.025 0.026
0 0.564 0.6025 0.032 0.033
0 0.4655 0.6305 0.033 0.031
0 0.4925 0.656 0.027 0.04
0 0.498 0.6775 0.028 0.033
0 0.2815 0.602 0.019 0.038
0 0.2955 0.5925 0.017 0.025
0 0.307 0.612 0.026 0.028
0 0.29 0.633 0.022 0.022
0 0.289 0.6535 0.026 0.029
0 0.3195 0.6615 0.023 0.023
0 0.3445 0.675 0.025 0.02
0 0.374 0.694 0.04 0.026
0 0.29 0.711 0.022 0.03
0 0.295 0.692 0.028 0.032
0 0.325 0.7095 0.042 0.027
0 0.15 0.717 0.03 0.04
0 0.033 0.63 0.034 0.038
0 0.114 0.6575 0.036 0.035
0 0.4775 0.976 0.021 0.02
0 0.506 0.981 0.04 0.022
0 0.547 0.96 0.034 0.022
0 0.5685 0.93 0.037 0.024
0 0.5885 0.974 0.045 0.02
0 0.6355 0.9625 0.049 0.021
0 0.3965 0.9015 0.049 0.021
0 0.4885 0.919 0.035 0.016
0 0.5245 0.922 0.045 0.02
0 0.289 0.9655 0.04 0.015
0 0.351 0.9615 0.028 0.021
0 0.7295 0.8845 0.043 0.025
0 0.752 0.873 0.028 0.02
0 0.7815 0.8715 0.033 0.023
0 0.8345 0.8915 0.041 0.013
0 0.9665 0.9355 0.017 0.037
0 0.8155 0.7735 0.027 0.031
0 0.8385 0.7965 0.055 0.023
0 0.8855 0.733 0.021 0.014
0 0.9035 0.7385 0.019 0.019
0 0.7935 0.7455 0.035 0.037
0 0.7505 0.769 0.045 0.04
0 0.753 0.7335 0.022 0.041
0 0.707 0.6945 0.032 0.025
0 0.7395 0.6355 0.031 0.057
0 0.7075 0.615 0.029 0.054
0 0.769 0.6465 0.022 0.043
0 0.7975 0.6755 0.037 0.049
0 0.7925 0.6405 0.027 0.041
0 0.8795 0.779 0.043 0.024
0 0.6685 0.368 0.027 0.04
0 0.685 0.37 0.02 0.04
0 0.715 0.371 0.034 0.038
0 0.806 0.3775 0.024 0.031
0 0.792 0.361 0.032 0.032
0 0.786 0.492 0.03 0.056
0 0.579 0.684 0.032 0.04
0 0.5385 0.705 0.029 0.032
0 0.261 0.331 0.034 0.032
0 0.2935 0.331 0.029 0.046
0 0.2755 0.409 0.029 0.044
0 0.295 0.3745 0.032 0.041
0 0.2355 0.4415 0.033 0.035
0 0.33 0.17 0.032 0.052
0 0.3295 0.2145 0.037 0.045
0 0.5695 0.3545 0.035 0.025
0 0.2545 0.4785 0.037 0.027
0 0.1535 0.2185 0.031 0.033
0 0.3995 0.2205 0.039 0.029
0 0.442 0.252 0.038 0.036
0 0.663 0.092 0.028 0.024
0 0.5925 0.149 0.029 0.024
0 0.5625 0.1965 0.033 0.039
0 0.3365 0.352 0.035 0.02
0 0.2295 0.2485 0.047 0.027
0 0.14 0.2895 0.042 0.055
0 0.2335 0.3915 0.031 0.029
0 0.239 0.6845 0.038 0.039
0 0.125 0.818 0.022 0.016
0 0.047 0.661 0.05 0.018
0 0.1455 0.175 0.041 0.028
0 0.2795 0.2965 0.039 0.039
0 0.2835 0.4375 0.035 0.047
0 0.3965 0.719 0.057 0.028
0 0.618 0.1195 0.024 0.031
0 0.6535 0.1165 0.023 0.023
0 0.832 0.5335 0.026 0.031
0 0.846 0.5565 0.04 0.019
0 0.743 0.6885 0.022 0.047
0 0.102 0.9805 0.018 0.015
0 0.188 0.367 0.024 0.042
0 0.4725 0.1545 0.031 0.043
0 0.4575 0.1895 0.047 0.035
0 0.4395 0.217 0.039 0.038
0 0.1275 0.129 0.035 0.036
0 0.287 0.2155 0.03 0.025
0 0.2185 0.2765 0.033 0.023
0 0.2165 0.2965 0.029 0.021
0 0.043 0.1455 0.022 0.047
0 0.181 0.2035 0.03 0.049
0 0.01 0.2955 0.016 0.027
0 0.0135 0.3135 0.015 0.017
0 0.3275 0.886 0.039 0.028
0 0.357 0.8915 0.036 0.023
0 0.4245 0.921 0.033 0.022
0 0.454 0.9155 0.032 0.023
0 0.9145 0.044 0.017 0.034
0 0.9295 0.04 0.021 0.02
0 0.802 0.0115 0.02 0.021
0 0.452 0.041 0.034 0.03
0 0.086 0.3585 0.028 0.017
0 0.075 0.9255 0.016 0.011
0 0.0945 0.9285 0.027 0.011
0 0.2475 0.9885 0.027 0.015
0 0.473 0.8785 0.02 0.011
0 0.4855 0.8785 0.013 0.007
0 0.5325 0.8545 0.037 0.025
0 0.5725 0.843 0.047 0.02
0 0.569 0.8955 0.04 0.019
0 0.6045 0.898 0.035 0.016
0 0.8105 0.8745 0.053 0.017
0 0.8455 0.507 0.023 0.016
0 0.6105 0.385 0.037 0.024
0 0.5895 0.363 0.025 0.032
0 0.68 0.4595 0.034 0.023
0 0.7005 0.447 0.027 0.024
0 0.7255 0.4935 0.037 0.033
0 0.7685 0.536 0.021 0.018
0 0.735 0.522 0.03 0.04
0 0.697 0.5275 0.032 0.029
0 0.6995 0.5515 0.033 0.025
0 0.671 0.6905 0.032 0.037
0 0.6425 0.693 0.039 0.02
0 0.635 0.7195 0.032 0.029
0 0.668 0.777 0.046 0.016
0 0.6305 0.7665 0.045 0.017
0 0.5775 0.81 0.043 0.026
0 0.602 0.8065 0.046 0.023
0 0.462 0.7665 0.044 0.033
0 0.7835 0.7815 0.045 0.029
0 0.8105 0.826 0.037 0.02
0 0.9705 0.8575 0.025 0.029
0 0.6895 0.7965 0.039 0.017
0 0.605 0.712 0.04 0.04
0 0.4995 0.576 0.033 0.032
0 0.476 0.525 0.048 0.026
0 0.3835 0.577 0.051 0.026
0 0.3855 0.5555 0.041 0.029
0 0.624 0.429 0.032 0.032
0 0.5905 0.4305 0.043 0.039
0 0.7705 0.3065 0.019 0.029
0 0.796 0.302 0.034 0.024
0 0.3405 0.809 0.045 0.026
0 0.254 0.2365 0.056 0.033
0 0.1135 0.2395 0.035 0.029
0 0.7955 0.4165 0.029 0.021
0 0.454 0.3755 0.028 0.031
0 0.2375 0.514 0.037 0.04
0 0.876 0.3295 0.026 0.025
0 0.0845 0.2945 0.043 0.033
0 0.5175 0.637 0.041 0.046
0 0.2475 0.622 0.031 0.038
0 0.2485 0.5845 0.035 0.027
0 0.7125 0.9465 0.017 0.013
0 0.337 0.467 0.018 0.024
0 0.346 0.4545 0.018 0.019
0 0.361 0.478 0.02 0.036
0 0.7735 0.895 0.069 0.024
0 0.385 0.921 0.032 0.016
0 0.306 0.7815 0.08 0.039
0 0.2035 0.761 0.055 0.046
0 0.1515 0.8195 0.029 0.023
0 0.1865 0.8255 0.029 0.011
0 0.3275 0.6855 0.027 0.017
0 0.3105 0.5795 0.017 0.037
0 0.1305 0.48 0.039 0.034
0 0.1145 0.0975 0.035 0.029
0 0.1235 0.063 0.047 0.042
0 0.078 0.122 0.038 0.038
0 0.1645 0.0895 0.033 0.037
0 0.1765 0.127 0.037 0.02
0 0.2075 0.1265 0.023 0.053
0 0.2745 0.059 0.037 0.028
0 0.243 0.052 0.032 0.042
0 0.2325 0.082 0.031 0.052
0 0.266 0.192 0.042 0.044
0 0.545 0.13 0.022 0.036
0 0.5315 0.1145 0.023 0.041
0 0.519 0.166 0.026 0.062
0 0.3635 0.101 0.023 0.022
0 0.377 0.0995 0.022 0.037
0 0.396 0.096 0.022 0.032
0 0.3605 0.1455 0.025 0.027
0 0.378 0.1305 0.04 0.023
0 0.7165 0.0695 0.039 0.031
0 0.782 0.0365 0.042 0.017
0 0.7905 0.0595 0.033 0.027
0 0.788 0.0785 0.034 0.029
0 0.6865 0.2445 0.023 0.043
0 0.689 0.4075 0.04 0.031
0 0.8605 0.604 0.033 0.042
0 0.0385 0.0175 0.031 0.031
0 0.182 0.023 0.03 0.028
0 0.289 0.0135 0.022 0.021
0 0.3085 0.0125 0.021 0.019
0 0.3885 0.058 0.047 0.032
0 0.381 0.0255 0.036 0.033
0 0.348 0.011 0.032 0.016
0 0.478 0.016 0.034 0.026
0 0.516 0.019 0.03 0.032
0 0.6555 0.0135 0.029 0.021
0 0.694 0.0065 0.022 0.009
0 0.7085 0.0255 0.031 0.041
0 0.6795 0.0345 0.039 0.049
0 0.645 0.0515 0.032 0.027
0 0.6265 0.077 0.023 0.022
0 0.5905 0.065 0.021 0.026
0 0.612 0.07 0.022 0.036
0 0.6675 0.063 0.025 0.036
0 0.734 0.101 0.03 0.024
0 0.7045 0.1335 0.033 0.041
0 0.781 0.144 0.046 0.038
0 0.7555 0.0135 0.029 0.021
0 0.9405 0.019 0.031 0.022
0 0.977 0.03 0.022 0.032
0 0.986 0.0695 0.024 0.031
0 0.987 0.104 0.022 0.034
0 0.9445 0.0705 0.039 0.031
0 0.953 0.0955 0.03 0.037
0 0.9615 0.132 0.025 0.034
0 0.938 0.149 0.026 0.026
0 0.9245 0.1255 0.039 0.033
0 0.967 0.1615 0.032 0.029
0 0.981 0.192 0.03 0.032
0 0.9375 0.2055 0.027 0.035
0 0.9065 0.2155 0.027 0.033
0 0.9225 0.227 0.029 0.038
0 0.9685 0.23 0.035 0.034
0 0.986 0.2395 0.024 0.031
0 0.977 0.2675 0.038 0.031
0 0.926 0.2655 0.042 0.035
0 0.889 0.253 0.028 0.04
0 0.9555 0.2985 0.039 0.045
0 0.9355 0.3155 0.037 0.039
0 0.978 0.333 0.028 0.03
0 0.9655 0.3665 0.035 0.031
0 0.9115 0.37 0.033 0.034
0 0.9825 0.4425 0.025 0.025
0 0.9875 0.4735 0.019 0.029
0 0.958 0.4675 0.026 0.043
0 0.9775 0.5645 0.035 0.037
0 0.959 0.5245 0.04 0.045
0 0.915 0.5535 0.028 0.037
0 0.903 0.527 0.04 0.036
0 0.9135 0.6585 0.045 0.041
0 0.9825 0.6275 0.027 0.041
0 0.959 0.7325 0.04 0.023
0 0.952 0.7675 0.044 0.027
0 0.9625 0.7965 0.033 0.023
0 0.9725 0.8135 0.031 0.023
0 0.9795 0.8915 0.037 0.027
0 0.9865 0.928 0.021 0.026
0 0.9585 0.9755 0.031 0.029
0 0.919 0.9245 0.026 0.041
0 0.9105 0.8495 0.041 0.033
0 0.8895 0.873 0.027 0.022
0 0.8015 0.966 0.033 0.024
0 0.83 0.9655 0.036 0.023
0 0.8055 0.9405 0.037 0.019
0 0.771 0.9235 0.036 0.023
0 0.683 0.8995 0.02 0.017
0 0.7015 0.896 0.019 0.014
0 0.6945 0.8585 0.035 0.017
0 0.6565 0.8625 0.033 0.033
0 0.4565 0.972 0.029 0.022
0 0.3255 0.9655 0.027 0.019
0 0.196 0.9785 0.036 0.015
0 0.1405 0.9875 0.035 0.017
0 0.0415 0.9805 0.043 0.025
0 0.02 0.9325 0.034 0.025
0 0.1215 0.9295 0.031 0.013
0 0.2525 0.856 0.053 0.034
0 0.0185 0.7165 0.031 0.033
0 0.0115 0.641 0.019 0.032
0 0.011 0.597 0.014 0.038
0 0.0515 0.5805 0.027 0.027
0 0.0825 0.643 0.021 0.038
0 0.016 0.5435 0.024 0.027
0 0.087 0.4685 0.034 0.035
0 0.056 0.4265 0.028 0.021
0 0.0925 0.439 0.049 0.02
0 0.099 0.4095 0.032 0.029
0 0.1395 0.3255 0.021 0.027
0 0.1195 0.3175 0.027 0.021
0 0.0225 0.2235 0.039 0.025
0 0.0275 0.1945 0.035 0.031
0 0.0755 0.201 0.029 0.038
0 0.0555 0.2285 0.045 0.029
0 0.601 0.2735 0.042 0.037
0 0.632 0.214 0.024 0.036
0 0.627 0.238 0.034 0.046
0 0.6485 0.293 0.017 0.026
0 0.6375 0.2705 0.029 0.039
0 0.6 0.1895 0.024 0.029
0 0.5845 0.2055 0.021 0.035
0 0.401 0.2845 0.036 0.039
0 0.438 0.304 0.034 0.034
0 0.455 0.2805 0.032 0.029
0 0.4055 0.312 0.033 0.028
0 0.521 0.456 0.042 0.026
0 0.4845 0.4685 0.047 0.027
0 0.5225 0.4995 0.029 0.033
0 0.4585 0.491 0.039 0.024
0 0.4985 0.5965 0.021 0.029
0 0.5315 0.5365 0.035 0.021
0 0.584 0.5515 0.036 0.029
0 0.586 0.525 0.042 0.024
0 0.646 0.4475 0.032 0.033
0 0.6085 0.461 0.019 0.024
0 0.412 0.791 0.032 0.042
0 0.5255 0.8175 0.039 0.037
0 0.5075 0.776 0.023 0.02
0 0.4785 0.742 0.039 0.026
0 0.517 0.7425 0.028 0.023
0 0.4895 0.785 0.027 0.022
0 0.4805 0.8215 0.021 0.023
0 0.493 0.9505 0.054 0.027
0 0.4335 0.897 0.035 0.016
0 0.362 0.865 0.052 0.024
0 0.173 0.9055 0.068 0.027
0 0.116 0.713 0.03 0.036
0 0.091 0.766 0.044 0.044
0 0.1655 0.749 0.033 0.044
0 0.1765 0.721 0.037 0.042
0 0.2825 0.565 0.029 0.024
0 0.327 0.6125 0.02 0.041
0 0.4805 0.104 0.039 0.042
0 0.575 0.115 0.026 0.032
0 0.8265 0.119 0.025 0.028
0 0.894 0.072 0.04 0.032
0 0.2185 0.886 0.057 0.024
0 0.084 0.0085 0.026 0.017
0 0.661 0.2565 0.016 0.031
0 0.422 0.5515 0.054 0.041
0 0.6205 0.547 0.023 0.018
