0 0.101 0.087 0.038 0.038
0 0.1105 0.116 0.035 0.034
0 0.15 0.114 0.042 0.042
0 0.1835 0.1585 0.045 0.059
0 0.1235 0.1705 0.047 0.051
0 0.136 0.2195 0.046 0.045
0 0.1655 0.186 0.039 0.07
0 0.2035 0.219 0.043 0.044
0 0.239 0.055 0.042 0.056
0 0.2995 0.0675 0.045 0.037
0 0.2805 0.175 0.055 0.086
0 0.2455 0.2055 0.037 0.053
0 0.2805 0.2385 0.051 0.053
0 0.241 0.2515 0.046 0.053
0 0.208 0.273 0.054 0.042
0 0.159 0.2955 0.06 0.049
0 0.1165 0.2945 0.043 0.055
0 0.0375 0.313 0.029 0.036
0 0.072 0.304 0.042 0.054
0 0.0455 0.1915 0.045 0.065
0 0.0295 0.0915 0.049 0.051
0 0.0355 0.052 0.033 0.026
0 0.1665 0.0395 0.049 0.063
0 0.52 0.08 0.03 0.028
0 0.695 0.108 0.03 0.034
0 0.7565 0.1235 0.055 0.037
0 0.6605 0.134 0.021 0.032
0 0.629 0.135 0.026 0.032
0 0.6125 0.1605 0.017 0.025
0 0.602 0.185 0.026 0.03
0 0.6355 0.185 0.027 0.03
0 0.6675 0.158 0.039 0.05
0 0.6475 0.1975 0.029 0.035
0 0.3025 0.119 0.081 0.064
0 0.3895 0.178 0.029 0.058
0 0.4015 0.2715 0.035 0.045
0 0.4115 0.233 0.033 0.05
0 0.493 0.1975 0.026 0.029
0 0.4045 0.1235 0.051 0.063
0 0.374 0.107 0.048 0.056
0 0.332 0.2395 0.054 0.067
0 0.3795 0.2455 0.033 0.053
0 0.273 0.3155 0.026 0.045
0 0.3005 0.308 0.029 0.048
0 0.1375 0.3405 0.045 0.047
0 0.1835 0.332 0.041 0.032
0 0.1785 0.372 0.025 0.038
0 0.1255 0.3955 0.041 0.047
0 0.0665 0.4295 0.041 0.043
0 0.034 0.415 0.036 0.038
0 0.067 0.4685 0.064 0.033
0 0.1985 0.3555 0.031 0.033
0 0.209 0.3905 0.07 0.057
0 0.219 0.411 0.048 0.04
0 0.4345 0.275 0.041 0.066
0 0.2815 0.3555 0.035 0.043
0 0.3745 0.335 0.029 0.032
0 0.407 0.3495 0.032 0.031
0 0.2985 0.4045 0.049 0.043
0 0.299 0.4265 0.046 0.037
0 0.261 0.4075 0.038 0.043
0 0.2665 0.469 0.055 0.046
0 0.199 0.4985 0.052 0.027
0 0.1505 0.475 0.071 0.036
0 0.151 0.51 0.064 0.032
0 0.0815 0.586 0.041 0.028
0 0.4555 0.0945 0.025 0.029
0 0.43 0.096 0.038 0.042
0 0.683 0.25 0.032 0.058
0 0.7435 0.2415 0.075 0.051
0 0.7575 0.28 0.083 0.052
0 0.8085 0.297 0.079 0.032
0 0.8305 0.2575 0.069 0.041
0 0.8745 0.29 0.059 0.026
0 0.8845 0.204 0.037 0.036
0 0.865 0.2265 0.094 0.029
0 0.8065 0.147 0.081 0.036
0 0.812 0.171 0.054 0.044
0 0.8505 0.1745 0.049 0.037
0 0.8075 0.3335 0.063 0.033
0 0.8555 0.348 0.055 0.032
0 0.911 0.3665 0.052 0.023
0 0.9075 0.339 0.037 0.028
0 0.8785 0.3355 0.045 0.031
0 0.8885 0.394 0.067 0.032
0 0.651 0.426 0.052 0.042
0 0.604 0.425 0.02 0.034
0 0.423 0.4375 0.036 0.025
0 0.3405 0.362 0.041 0.036
0 0.3145 0.3695 0.035 0.031
0 0.3225 0.436 0.031 0.028
0 0.39 0.367 0.044 0.034
0 0.3645 0.388 0.037 0.036
0 0.4895 0.423 0.031 0.036
0 0.51 0.4035 0.022 0.035
0 0.5405 0.398 0.037 0.036
0 0.5835 0.2635 0.031 0.027
0 0.6655 0.393 0.039 0.038
0 0.779 0.369 0.062 0.042
0 0.817 0.397 0.08 0.038
0 0.8645 0.466 0.053 0.034
0 0.627 0.4625 0.034 0.043
0 0.6265 0.495 0.031 0.036
0 0.603 0.5115 0.024 0.029
0 0.653 0.4855 0.032 0.041
0 0.6765 0.485 0.025 0.036
0 0.7065 0.484 0.033 0.024
0 0.7335 0.503 0.031 0.038
0 0.7605 0.478 0.055 0.028
0 0.785 0.467 0.076 0.032
0 0.7785 0.423 0.057 0.024
0 0.8195 0.44 0.081 0.03
0 0.9235 0.477 0.057 0.062
0 0.9405 0.43 0.065 0.046
0 0.885 0.4305 0.06 0.029
0 0.8475 0.5065 0.049 0.033
0 0.7915 0.507 0.041 0.028
0 0.772 0.5185 0.046 0.037
0 0.691 0.553 0.056 0.044
0 0.66 0.57 0.028 0.036
0 0.664 0.597 0.036 0.03
0 0.5355 0.6545 0.023 0.039
0 0.6 0.659 0.026 0.032
0 0.5655 0.6595 0.033 0.037
0 0.634 0.661 0.014 0.018
0 0.641 0.689 0.038 0.034
0 0.6105 0.705 0.023 0.036
0 0.5625 0.7245 0.021 0.021
0 0.5655 0.706 0.029 0.044
0 0.4625 0.7385 0.027 0.027
0 0.44 0.686 0.024 0.042
0 0.3955 0.6945 0.035 0.045
0 0.3265 0.701 0.053 0.032
0 0.3035 0.7235 0.045 0.025
0 0.282 0.77 0.034 0.04
0 0.2495 0.7555 0.031 0.029
0 0.3345 0.7575 0.035 0.041
0 0.3645 0.7185 0.045 0.037
0 0.3505 0.8005 0.035 0.035
0 0.3145 0.7895 0.029 0.037
0 0.302 0.8365 0.048 0.039
0 0.285 0.8895 0.034 0.031
0 0.302 0.867 0.04 0.038
0 0.354 0.8505 0.036 0.047
0 0.374 0.773 0.04 0.058
0 0.4055 0.7835 0.027 0.039
0 0.403 0.732 0.03 0.026
0 0.4325 0.737 0.017 0.018
0 0.472 0.6965 0.016 0.049
0 0.4805 0.663 0.021 0.028
0 0.4565 0.587 0.035 0.046
0 0.417 0.5345 0.034 0.041
0 0.3935 0.4895 0.047 0.041
0 0.3765 0.442 0.037 0.032
0 0.3885 0.4085 0.033 0.039
0 0.4305 0.3935 0.025 0.029
0 0.512 0.329 0.024 0.02
0 0.8105 0.5385 0.051 0.025
0 0.789 0.5675 0.036 0.027
0 0.8245 0.567 0.035 0.032
0 0.8625 0.5785 0.057 0.063
0 0.924 0.525 0.054 0.046
0 0.951 0.56 0.034 0.042
0 0.978 0.635 0.04 0.062
0 0.9415 0.64 0.033 0.046
0 0.9165 0.6505 0.033 0.039
0 0.9585 0.7095 0.047 0.027
0 0.9865 0.719 0.025 0.03
0 0.9245 0.745 0.039 0.026
0 0.8355 0.7175 0.041 0.019
0 0.823 0.6865 0.042 0.035
0 0.792 0.637 0.036 0.032
0 0.754 0.635 0.036 0.032
0 0.692 0.668 0.032 0.04
0 0.72 0.6785 0.022 0.039
0 0.744 0.6955 0.032 0.037
0 0.773 0.667 0.046 0.024
0 0.7705 0.694 0.029 0.024
0 0.896 0.783 0.036 0.032
0 0.864 0.7885 0.056 0.053
0 0.968 0.783 0.04 0.036
0 0.8545 0.819 0.027 0.024
0 0.8745 0.835 0.031 0.034
0 0.7965 0.809 0.037 0.048
0 0.758 0.786 0.03 0.052
0 0.6985 0.774 0.033 0.036
0 0.668 0.7505 0.026 0.037
0 0.642 0.7245 0.032 0.037
0 0.6055 0.7595 0.035 0.037
0 0.618 0.799 0.032 0.03
0 0.654 0.813 0.044 0.044
0 0.702 0.8095 0.036 0.037
0 0.6565 0.7705 0.039 0.047
0 0.8295 0.8665 0.031 0.017
0 0.84 0.842 0.044 0.04
0 0.925 0.8735 0.024 0.025
0 0.9165 0.8205 0.031 0.027
0 0.9725 0.833 0.033 0.024
0 0.95 0.8465 0.044 0.037
0 0.936 0.9245 0.056 0.033
0 0.8465 0.9505 0.027 0.025
0 0.8055 0.9715 0.023 0.017
0 0.767 0.976 0.042 0.044
0 0.7975 0.952 0.031 0.024
0 0.1995 0.54 0.075 0.046
0 0.278 0.5665 0.03 0.031
0 0.2615 0.5885 0.025 0.015
0 0.2265 0.5875 0.041 0.033
0 0.1085 0.5985 0.041 0.031
0 0.0745 0.621 0.039 0.034
0 0.0435 0.602 0.033 0.044
0 0.0325 0.643 0.039 0.03
0 0.1835 0.6595 0.063 0.027
0 0.2335 0.6215 0.043 0.029
0 0.2775 0.654 0.051 0.028
0 0.3075 0.618 0.049 0.048
0 0.355 0.616 0.032 0.022
0 0.3745 0.637 0.039 0.028
0 0.408 0.616 0.05 0.054
0 0.421 0.5745 0.03 0.031
0 0.3865 0.582 0.045 0.034
0 0.389 0.5475 0.038 0.031
0 0.3365 0.505 0.039 0.028
0 0.3115 0.543 0.049 0.026
0 0.323 0.573 0.034 0.03
0 0.35 0.5525 0.042 0.047
0 0.3125 0.6725 0.051 0.021
0 0.265 0.692 0.048 0.042
0 0.212 0.698 0.06 0.034
0 0.1555 0.7235 0.047 0.047
0 0.116 0.735 0.056 0.042
0 0.0445 0.74 0.039 0.03
0 0.1065 0.7775 0.057 0.043
0 0.184 0.767 0.052 0.036
0 0.263 0.8035 0.062 0.025
0 0.217 0.8335 0.032 0.037
0 0.2495 0.837 0.049 0.038
0 0.235 0.8885 0.04 0.049
0 0.195 0.877 0.036 0.032
0 0.1945 0.9045 0.043 0.033
0 0.204 0.949 0.034 0.054
0 0.3195 0.942 0.027 0.03
0 0.379 0.932 0.038 0.044
0 0.4045 0.9815 0.025 0.029
0 0.4965 0.948 0.025 0.044
0 0.5305 0.967 0.033 0.06
0 0.533 0.782 0.028 0.06
0 0.5065 0.746 0.025 0.038
0 0.5105 0.782 0.021 0.04
0 0.6045 0.618 0.033 0.054
0 0.5325 0.501 0.029 0.026
0 0.479 0.463 0.026 0.028
0 0.4435 0.473 0.037 0.04
0 0.4365 0.5065 0.043 0.047
0 0.502 0.518 0.016 0.014
0 0.0335 0.1425 0.037 0.043
0 0.1535 0.4435 0.039 0.021
0 0.146 0.4185 0.05 0.029
0 0.1115 0.4325 0.029 0.021
0 0.0815 0.346 0.047 0.046
0 0.0545 0.3655 0.055 0.061
0 0.121 0.875 0.046 0.022
0 0.1425 0.8875 0.047 0.015
0 0.1005 0.8995 0.031 0.025
0 0.148 0.9095 0.046 0.027
0 0.1215 0.9345 0.031 0.045
0 0.0965 0.9505 0.025 0.035
0 0.086 0.9185 0.03 0.033
0 0.115 0.9785 0.032 0.033
0 0.177 0.9645 0.03 0.053
0 0.1615 0.975 0.027 0.038
0 0.329 0.905 0.042 0.042
0 0.419 0.8985 0.032 0.029
0 0.356 0.8925 0.04 0.035
0 0.3845 0.884 0.063 0.034
0 0.031 0.9115 0.016 0.031
0 0.041 0.946 0.02 0.036
0 0.0525 0.938 0.015 0.042
0 0.287 0.993 0.022 0.012
0 0.4095 0.952 0.027 0.028
0 0.4255 0.9225 0.023 0.029
0 0.6605 0.914 0.031 0.036
0 0.637 0.878 0.028 0.044
0 0.632 0.8395 0.022 0.029
0 0.5945 0.8605 0.023 0.033
0 0.6045 0.829 0.023 0.048
0 0.664 0.8695 0.026 0.035
0 0.69 0.8405 0.026 0.035
0 0.708 0.845 0.012 0.024
0 0.8425 0.8815 0.025 0.021
0 0.0555 0.8255 0.029 0.025
0 0.0525 0.6665 0.037 0.031
0 0.1855 0.6225 0.037 0.019
0 0.1495 0.634 0.039 0.03
0 0.119 0.658 0.028 0.022
0 0.101 0.644 0.038 0.02
0 0.012 0.6965 0.024 0.051
0 0.0675 0.6855 0.039 0.031
0 0.035 0.708 0.026 0.024
0 0.0375 0.681 0.027 0.028
0 0.138 0.5235 0.022 0.023
0 0.118 0.528 0.018 0.032
0 0.1295 0.552 0.015 0.028
0 0.107 0.537 0.014 0.02
0 0.0765 0.513 0.041 0.032
0 0.057 0.557 0.036 0.042
0 0.0845 0.538 0.025 0.032
0 0.2145 0.15 0.025 0.036
0 0.193 0.105 0.04 0.036
0 0.2305 0.158 0.027 0.032
0 0.031 0.3775 0.032 0.039
0 0.1055 0.3855 0.033 0.037
0 0.1345 0.5845 0.029 0.027
0 0.2685 0.622 0.021 0.024
0 0.3695 0.662 0.023 0.016
0 0.27 0.9265 0.034 0.047
0 0.3155 0.972 0.035 0.036
0 0.555 0.761 0.018 0.026
0 0.53 0.6995 0.016 0.029
0 0.5465 0.7055 0.019 0.039
0 0.575 0.6345 0.016 0.035
0 0.552 0.5985 0.012 0.033
0 0.3545 0.1965 0.049 0.079
0 0.361 0.1515 0.036 0.045
0 0.488 0.15 0.028 0.046
0 0.4705 0.268 0.017 0.022
0 0.6505 0.233 0.029 0.016
0 0.9655 0.0405 0.059 0.031
0 0.916 0.2585 0.034 0.019
0 0.9125 0.311 0.089 0.018
0 0.975 0.31 0.04 0.024
0 0.7365 0.7255 0.023 0.023
0 0.885 0.9455 0.016 0.009
0 0.9135 0.9735 0.027 0.017
0 0.861 0.987 0.014 0.022
0 0.8715 0.987 0.013 0.02
0 0.8795 0.989 0.021 0.018
0 0.697 0.971 0.042 0.034
0 0.7245 0.533 0.031 0.038
0 0.5705 0.337 0.009 0.008
0 0.555 0.352 0.022 0.022
0 0.488 0.2575 0.014 0.013
0 0.5245 0.277 0.017 0.022
0 0.508 0.289 0.016 0.028
0 0.55 0.301 0.012 0.016
0 0.5455 0.3125 0.011 0.011
0 0.532 0.354 0.016 0.022
0 0.594 0.3585 0.028 0.043
0 0.8715 0.626 0.031 0.026
0 0.904 0.5945 0.042 0.037
0 0.633 0.1015 0.018 0.023
0 0.561 0.166 0.012 0.01
0 0.5715 0.1755 0.009 0.013
0 0.5135 0.1225 0.015 0.029
0 0.612 0.286 0.028 0.022
0 0.626 0.308 0.03 0.016
0 0.589 0.303 0.014 0.016
0 0.6735 0.3195 0.013 0.019
0 0.692 0.3325 0.03 0.029
0 0.715 0.3355 0.026 0.027
0 0.711 0.4125 0.046 0.021
0 0.729 0.4425 0.034 0.017
0 0.01 0.3615 0.018 0.041
0 0.0125 0.433 0.023 0.06
0 0.015 0.748 0.026 0.034
0 0.01 0.976 0.018 0.034
0 0.986 0.9795 0.024 0.031
0 0.9925 0.4595 0.013 0.039
0 0.9805 0.3275 0.035 0.019
0 0.9835 0.1795 0.029 0.019
0 0.9745 0.158 0.049 0.03
0 0.2995 0.0295 0.059 0.035
0 0.348 0.027 0.024 0.012
0 0.356 0.05 0.022 0.022
0 0.3855 0.019 0.031 0.02
0 0.524 0.03 0.02 0.014
0 0.4845 0.0345 0.017 0.023
0 0.464 0.0565 0.028 0.025
0 0.586 0.0305 0.028 0.035
0 0.6435 0.056 0.017 0.026
0 0.67 0.0425 0.016 0.027
0 0.7085 0.0705 0.029 0.033
0 0.686 0.07 0.022 0.022
0 0.759 0.023 0.032 0.018
0 0.783 0.035 0.06 0.03
0 0.817 0.053 0.034 0.014
0 0.775 0.055 0.044 0.02
0 0.7785 0.08 0.053 0.026
0 0.812 0.0895 0.05 0.023
0 0.839 0.105 0.056 0.03
0 0.901 0.08 0.044 0.018
0 0.863 0.054 0.038 0.026
0 0.9565 0.121 0.043 0.024
0 0.9765 0.2295 0.043 0.027
0 0.9335 0.205 0.033 0.03
0 0.9665 0.198 0.025 0.026
0 0.9365 0.175 0.049 0.032
0 0.9855 0.415 0.025 0.03
0 0.9775 0.3825 0.041 0.023
0 0.976 0.3525 0.044 0.023
0 0.9465 0.279 0.037 0.038
0 0.986 0.2585 0.024 0.025
0 0.968 0.465 0.046 0.052
0 0.9665 0.52 0.031 0.024
0 0.988 0.557 0.02 0.02
0 0.9815 0.5735 0.025 0.021
0 0.992 0.5835 0.014 0.023
0 0.8935 0.675 0.033 0.024
0 0.875 0.66 0.036 0.036
0 0.8955 0.7045 0.041 0.027
0 0.843 0.7435 0.036 0.027
0 0.8245 0.7455 0.027 0.035
0 0.8075 0.7285 0.027 0.029
0 0.7305 0.7675 0.021 0.033
0 0.734 0.8205 0.032 0.045
0 0.777 0.8455 0.028 0.045
0 0.768 0.924 0.03 0.042
0 0.7385 0.899 0.039 0.042
0 0.6825 0.941 0.031 0.024
0 0.6245 0.9205 0.027 0.031
0 0.4495 0.9525 0.013 0.031
0 0.449 0.9755 0.014 0.027
0 0.3785 0.9755 0.025 0.039
0 0.2365 0.9815 0.027 0.035
0 0.256 0.9915 0.022 0.015
0 0.138 0.963 0.026 0.036
0 0.091 0.9835 0.024 0.027
0 0.0655 0.989 0.019 0.016
0 0.039 0.9855 0.02 0.027
0 0.0095 0.8855 0.015 0.037
0 0.0175 0.837 0.033 0.038
0 0.0175 0.8625 0.023 0.029
0 0.106 0.842 0.038 0.038
0 0.116 0.8125 0.052 0.023
0 0.1655 0.8455 0.059 0.045
0 0.2085 0.738 0.023 0.022
0 0.2205 0.7805 0.057 0.031
0 0.2895 0.739 0.027 0.018
0 0.5005 0.811 0.021 0.028
0 0.476 0.8335 0.024 0.041
0 0.433 0.8535 0.024 0.033
0 0.4435 0.8225 0.025 0.035
0 0.4975 0.8435 0.021 0.041
0 0.456 0.8415 0.026 0.047
0 0.488 0.724 0.014 0.014
0 0.4865 0.7375 0.017 0.011
0 0.623 0.5855 0.03 0.027
0 0.53 0.8675 0.032 0.031
0 0.5135 0.8975 0.029 0.033
0 0.059 0.019 0.042 0.032
0 0.0185 0.598 0.017 0.036
0 0.017 0.478 0.03 0.042
0 0.0105 0.226 0.015 0.044
0 0.0105 0.0265 0.015 0.035
0 0.0075 0.067 0.011 0.034
0 0.453 0.0105 0.03 0.017
0 0.2465 0.0085 0.031 0.013
0 0.465 0.9735 0.018 0.049
0 0.946 0.9875 0.042 0.023
0 0.9715 0.9385 0.055 0.041
0 0.426 0.047 0.004 0.006
0 0.4305 0.063 0.007 0.008
0 0.5265 0.046 0.005 0.006
0 0.9925 0.1965 0.011 0.021
0 0.576 0.4835 0.016 0.007
0 0.581 0.4585 0.008 0.017
0 0.9875 0.771 0.023 0.024
0 0.9865 0.8855 0.021 0.013
0 0.7065 0.864 0.027 0.026
0 0.474 0.898 0.022 0.028
0 0.0335 0.8805 0.017 0.029
0 0.0775 0.746 0.025 0.02
0 0.1795 0.6885 0.033 0.019
0 0.506 0.4945 0.01 0.013
0 0.4495 0.12 0.015 0.01
0 0.322 0.013 0.014 0.014
0 0.006 0.155 0.012 0.032
0 0.0065 0.606 0.013 0.026
0 0.2485 0.7355 0.039 0.011
0 0.342 0.996 0.022 0.006
