0 0.649 0.494 0.036 0.036
0 0.7595 0.4095 0.029 0.029
0 0.7255 0.504 0.033 0.032
0 0.675 0.519 0.036 0.036
0 0.7955 0.458 0.019 0.03
0 0.8145 0.587 0.023 0.022
0 0.865 0.5775 0.016 0.019
0 0.8575 0.7135 0.025 0.021
0 0.877 0.7395 0.032 0.017
0 0.7375 0.8875 0.015 0.017
0 0.7685 0.156 0.039 0.04
0 0.7795 0.113 0.039 0.028
0 0.768 0.24 0.036 0.036
0 0.8415 0.1295 0.031 0.029
0 0.8935 0.2385 0.029 0.027
0 0.734 0.4445 0.032 0.035
0 0.706 0.422 0.04 0.038
0 0.513 0.5065 0.022 0.019
0 0.452 0.3325 0.024 0.023
0 0.362 0.1895 0.038 0.035
0 0.189 0.092 0.028 0.032
0 0.233 0.102 0.022 0.024
0 0.047 0.0855 0.018 0.015
0 0.1905 0.149 0.031 0.034
0 0.234 0.198 0.02 0.024
0 0.22 0.1565 0.034 0.033
0 0.261 0.153 0.03 0.024
0 0.219 0.323 0.03 0.03
0 0.263 0.286 0.032 0.034
0 0.2725 0.429 0.023 0.032
0 0.361 0.4945 0.03 0.033
0 0.3985 0.5115 0.019 0.017
0 0.336 0.4815 0.03 0.033
0 0.3335 0.432 0.031 0.04
0 0.326 0.316 0.04 0.018
0 0.4125 0.253 0.027 0.03
0 0.553 0.175 0.026 0.02
0 0.5365 0.1015 0.035 0.035
0 0.568 0.124 0.036 0.044
0 0.6225 0.021 0.025 0.032
0 0.6975 0.211 0.037 0.034
0 0.724 0.1655 0.034 0.043
0 0.8175 0.1435 0.029 0.035
0 0.8445 0.193 0.037 0.032
0 0.534 0.5385 0.038 0.033
0 0.8035 0.0115 0.015 0.019
0 0.8165 0.016 0.021 0.02
0 0.833 0.048 0.038 0.03
0 0.7885 0.038 0.033 0.018
0 0.745 0.087 0.046 0.026
0 0.766 0.025 0.016 0.022
0 0.866 0.4975 0.038 0.039
0 0.843 0.4125 0.036 0.037
0 0.376 0.8315 0.018 0.019
0 0.0285 0.9255 0.031 0.021
0 0.226 0.797 0.03 0.04
0 0.277 0.8665 0.022 0.023
0 0.101 0.1245 0.022 0.023
0 0.073 0.7435 0.028 0.019
0 0.138 0.736 0.028 0.022
0 0.4075 0.893 0.033 0.03
0 0.595 0.7545 0.024 0.023
0 0.5055 0.631 0.023 0.028
0 0.1725 0.385 0.031 0.036
0 0.1465 0.45 0.027 0.026
0 0.879 0.317 0.032 0.03
0 0.436 0.7415 0.026 0.019
0 0.465 0.7715 0.02 0.021
0 0.7015 0.9845 0.027 0.021
0 0.666 0.808 0.02 0.022
0 0.8675 0.656 0.019 0.012
0 0.695 0.3675 0.036 0.033
0 0.1285 0.3555 0.019 0.017
0 0.1215 0.044 0.017 0.018
0 0.1155 0.0975 0.019 0.023
0 0.1005 0.075 0.025 0.028
0 0.0275 0.141 0.021 0.026
0 0.0285 0.091 0.017 0.018
0 0.054 0.1055 0.02 0.027
0 0.134 0.402 0.03 0.034
0 0.1295 0.429 0.031 0.024
0 0.171 0.448 0.026 0.026
0 0.7525 0.6955 0.019 0.027
0 0.7785 0.778 0.027 0.026
0 0.673 0.8905 0.036 0.031
0 0.6415 0.876 0.023 0.024
0 0.5925 0.943 0.019 0.022
0 0.4535 0.8255 0.023 0.027
0 0.24 0.983 0.026 0.02
0 0.1805 0.975 0.025 0.028
0 0.123 0.8025 0.022 0.033
0 0.176 0.7745 0.03 0.019
0 0.2265 0.753 0.025 0.024
0 0.2035 0.762 0.023 0.024
0 0.152 0.6985 0.026 0.019
0 0.1775 0.711 0.027 0.028
0 0.2165 0.6855 0.033 0.035
0 0.123 0.6765 0.022 0.021
0 0.019 0.7935 0.018 0.017
0 0.0315 0.8125 0.029 0.025
0 0.198 0.836 0.024 0.016
0 0.194 0.8585 0.034 0.025
0 0.1705 0.9475 0.025 0.029
0 0.367 0.9475 0.03 0.033
0 0.506 0.797 0.036 0.042
0 0.4915 0.763 0.029 0.016
0 0.439 0.667 0.026 0.028
0 0.6025 0.7285 0.023 0.027
0 0.709 0.786 0.032 0.032
0 0.832 0.5245 0.028 0.019
0 0.7455 0.0265 0.017 0.031
0 0.4095 0.456 0.035 0.036
0 0.4575 0.4095 0.039 0.049
0 0.389 0.6225 0.028 0.027
0 0.2595 0.661 0.025 0.026
0 0.378 0.79 0.016 0.018
0 0.3515 0.7535 0.021 0.019
0 0.2815 0.769 0.017 0.02
0 0.046 0.6805 0.03 0.021
0 0.0575 0.704 0.019 0.024
0 0.058 0.312 0.032 0.04
0 0.127 0.0695 0.02 0.037
0 0.395 0.218 0.032 0.022
0 0.422 0.2135 0.022 0.021
0 0.4855 0.1 0.043 0.036
0 0.109 0.573 0.022 0.02
0 0.143 0.2855 0.044 0.033
0 0.386 0.1135 0.032 0.029
0 0.398 0.0865 0.034 0.037
0 0.7645 0.045 0.021 0.022
0 0.822 0.6685 0.024 0.027
0 0.634 0.9045 0.014 0.019
0 0.767 0.8565 0.024 0.025
0 0.7525 0.8715 0.017 0.019
0 0.9045 0.926 0.023 0.03
0 0.9075 0.955 0.027 0.03
0 0.186 0.644 0.034 0.032
0 0.1265 0.653 0.025 0.016
0 0.0975 0.707 0.029 0.038
0 0.071 0.7125 0.022 0.031
0 0.111 0.911 0.036 0.046
0 0.2705 0.9365 0.041 0.035
0 0.723 0.339 0.032 0.028
0 0.5515 0.2015 0.031 0.025
0 0.386 0.5445 0.028 0.027
0 0.0435 0.609 0.031 0.026
0 0.3395 0.919 0.017 0.022
0 0.3585 0.898 0.027 0.03
0 0.3755 0.901 0.013 0.014
0 0.47 0.6695 0.042 0.039
0 0.293 0.8935 0.02 0.025
0 0.331 0.8975 0.018 0.025
0 0.3475 0.7185 0.015 0.025
0 0.3305 0.7375 0.009 0.015
0 0.4015 0.6685 0.023 0.029
0 0.4835 0.446 0.025 0.02
0 0.2035 0.979 0.017 0.022
0 0.2015 0.9565 0.011 0.013
0 0.132 0.9485 0.024 0.033
0 0.132 0.7645 0.032 0.017
0 0.1895 0.1935 0.043 0.023
0 0.0555 0.198 0.029 0.02
0 0.035 0.188 0.028 0.018
0 0.08 0.9865 0.044 0.025
0 0.6495 0.902 0.023 0.022
0 0.8535 0.7535 0.031 0.017
0 0.816 0.7515 0.028 0.027
0 0.833 0.7105 0.02 0.015
0 0.8595 0.618 0.027 0.016
0 0.858 0.6445 0.022 0.015
0 0.717 0.7315 0.024 0.029
0 0.7335 0.7065 0.017 0.029
0 0.191 0.2295 0.032 0.041
0 0.1605 0.2345 0.027 0.039
0 0.1475 0.3705 0.025 0.029
0 0.155 0.345 0.026 0.022
0 0.5505 0.6945 0.019 0.021
0 0.3705 0.7135 0.025 0.033
0 0.2915 0.581 0.019 0.028
0 0.0555 0.051 0.025 0.026
0 0.35 0.528 0.024 0.026
0 0.638 0.4525 0.036 0.035
0 0.683 0.4745 0.028 0.031
0 0.7415 0.4795 0.029 0.033
0 0.8025 0.4035 0.035 0.035
0 0.8905 0.657 0.019 0.016
0 0.906 0.666 0.026 0.016
0 0.9375 0.6555 0.029 0.021
0 0.9135 0.6205 0.025 0.025
0 0.8175 0.7775 0.031 0.021
0 0.833 0.3745 0.034 0.027
0 0.879 0.3665 0.042 0.035
0 0.8805 0.4425 0.037 0.041
0 0.816 0.479 0.032 0.032
0 0.029 0.961 0.028 0.016
0 0.0465 0.9465 0.029 0.015
0 0.5715 0.5245 0.017 0.023
0 0.606 0.573 0.022 0.028
0 0.471 0.708 0.028 0.026
0 0.524 0.8635 0.024 0.031
0 0.491 0.8985 0.032 0.047
0 0.5105 0.9545 0.033 0.029
0 0.4915 0.9445 0.023 0.019
0 0.604 0.881 0.02 0.022
0 0.9615 0.7675 0.025 0.023
0 0.976 0.7825 0.04 0.033
0 0.496 0.7425 0.024 0.015
0 0.7365 0.8605 0.025 0.031
0 0.8005 0.797 0.023 0.024
0 0.8455 0.6885 0.027 0.019
0 0.929 0.678 0.024 0.014
0 0.8515 0.7705 0.027 0.013
0 0.0935 0.5635 0.047 0.029
0 0.1315 0.3295 0.031 0.021
0 0.164 0.4185 0.034 0.035
0 0.2415 0.4705 0.031 0.027
0 0.7815 0.5445 0.029 0.031
0 0.7425 0.5845 0.039 0.025
0 0.859 0.5585 0.018 0.013
0 0.7065 0.9065 0.031 0.033
0 0.6685 0.929 0.045 0.016
0 0.6775 0.9175 0.021 0.025
0 0.027 0.0595 0.028 0.035
0 0.0215 0.1175 0.021 0.021
0 0.052 0.1465 0.026 0.021
0 0.7175 0.231 0.027 0.028
0 0.9065 0.2715 0.033 0.021
0 0.924 0.431 0.026 0.026
0 0.524 0.9095 0.024 0.027
0 0.2375 0.655 0.013 0.024
0 0.844 0.02 0.026 0.016
0 0.433 0.4445 0.016 0.023
0 0.3165 0.2865 0.031 0.033
0 0.169 0.1085 0.028 0.033
0 0.051 0.4365 0.024 0.017
0 0.067 0.443 0.022 0.012
0 0.07 0.073 0.026 0.026
0 0.319 0.075 0.024 0.016
0 0.372 0.08 0.018 0.022
0 0.425 0.1395 0.01 0.015
0 0.457 0.153 0.024 0.03
0 0.485 0.2655 0.02 0.021
0 0.052 0.8965 0.028 0.013
0 0.7665 0.93 0.035 0.03
0 0.845 0.9435 0.022 0.019
0 0.868 0.9465 0.018 0.027
0 0.882 0.8905 0.03 0.029
0 0.9165 0.6955 0.039 0.019
0 0.9165 0.727 0.019 0.026
0 0.9125 0.641 0.029 0.024
0 0.9425 0.6325 0.025 0.029
0 0.961 0.6325 0.022 0.017
0 0.963 0.6535 0.038 0.017
0 0.842 0.6445 0.026 0.027
0 0.8815 0.7115 0.017 0.019
0 0.8405 0.732 0.037 0.02
0 0.882 0.6855 0.036 0.019
0 0.8715 0.6705 0.031 0.013
0 0.6115 0.809 0.025 0.018
0 0.6145 0.979 0.019 0.016
0 0.5015 0.869 0.021 0.024
0 0.3695 0.338 0.021 0.022
0 0.098 0.025 0.024 0.024
0 0.081 0.034 0.016 0.022
0 0.061 0.031 0.02 0.024
0 0.4955 0.5705 0.039 0.021
0 0.5165 0.4475 0.023 0.021
0 0.955 0.7115 0.034 0.017
0 0.952 0.691 0.03 0.014
0 0.9625 0.672 0.031 0.018
0 0.8865 0.6275 0.025 0.029
0 0.9215 0.5475 0.027 0.027
0 0.732 0.2635 0.026 0.025
0 0.7085 0.2585 0.023 0.019
0 0.767 0.199 0.038 0.034
0 0.7985 0.1765 0.027 0.039
0 0.8875 0.1435 0.033 0.031
0 0.9335 0.1095 0.015 0.017
0 0.926 0.0935 0.036 0.025
0 0.7035 0.0975 0.027 0.029
0 0.584 0.834 0.016 0.018
0 0.618 0.849 0.016 0.02
0 0.597 0.914 0.022 0.032
0 0.7135 0.8355 0.011 0.009
0 0.641 0.83 0.02 0.022
0 0.6625 0.847 0.025 0.026
0 0.6645 0.83 0.013 0.014
0 0.753 0.825 0.016 0.024
0 0.6615 0.596 0.031 0.026
0 0.8145 0.6485 0.023 0.021
0 0.7995 0.651 0.019 0.016
0 0.436 0.5255 0.038 0.031
0 0.4665 0.509 0.017 0.018
0 0.436 0.489 0.018 0.034
0 0.4625 0.485 0.019 0.026
0 0.1075 0.042 0.017 0.026
0 0.404 0.0275 0.036 0.013
0 0.4775 0.206 0.021 0.028
0 0.646 0.359 0.03 0.032
0 0.9795 0.539 0.029 0.024
0 0.896 0.6115 0.022 0.023
0 0.875 0.6225 0.018 0.021
0 0.756 0.957 0.012 0.02
0 0.879 0.7595 0.028 0.015
0 0.903 0.743 0.014 0.016
0 0.894 0.724 0.02 0.02
0 0.526 0.2825 0.028 0.021
0 0.6225 0.333 0.023 0.026
0 0.947 0.011 0.032 0.022
0 0.9895 0.1955 0.019 0.035
0 0.5005 0.4635 0.037 0.027
0 0.0135 0.1805 0.025 0.023
0 0.077 0.1765 0.012 0.021
0 0.078 0.1565 0.016 0.019
0 0.5735 0.7965 0.017 0.023
0 0.615 0.775 0.026 0.026
0 0.9795 0.6815 0.015 0.023
0 0.3325 0.0135 0.037 0.027
0 0.379 0.01 0.04 0.018
0 0.508 0.0785 0.032 0.027
0 0.4605 0.0395 0.037 0.037
0 0.4395 0.1105 0.017 0.015
0 0.4885 0.5935 0.021 0.013
0 0.6745 0.7785 0.013 0.025
0 0.2655 0.7395 0.029 0.017
0 0.2485 0.8305 0.025 0.023
0 0.083 0.784 0.016 0.03
0 0.151 0.665 0.026 0.026
0 0.125 0.635 0.016 0.012
0 0.5635 0.2835 0.035 0.019
0 0.5915 0.251 0.021 0.024
0 0.6035 0.273 0.033 0.03
0 0.6655 0.2005 0.015 0.021
0 0.1545 0.5825 0.027 0.037
0 0.21 0.534 0.04 0.044
0 0.3015 0.2105 0.027 0.033
0 0.075 0.551 0.018 0.018
0 0.6525 0.119 0.023 0.034
0 0.9405 0.209 0.047 0.018
0 0.9465 0.1775 0.019 0.025
0 0.9855 0.1535 0.025 0.015
0 0.768 0.6785 0.016 0.025
0 0.782 0.6655 0.018 0.017
0 0.761 0.6495 0.018 0.023
0 0.5615 0.6615 0.015 0.015
0 0.537 0.628 0.032 0.036
0 0.5325 0.477 0.013 0.018
0 0.598 0.381 0.022 0.03
0 0.5665 0.322 0.055 0.03
0 0.7755 0.73 0.019 0.02
0 0.775 0.748 0.008 0.012
0 0.784 0.8055 0.03 0.021
0 0.7765 0.8245 0.027 0.027
0 0.8465 0.824 0.031 0.018
0 0.4375 0.5455 0.013 0.009
0 0.4 0.8385 0.024 0.029
0 0.3465 0.8635 0.019 0.027
0 0.3305 0.8455 0.021 0.049
0 0.2915 0.04 0.039 0.022
0 0.7335 0.199 0.023 0.022
0 0.881 0.0315 0.058 0.029
0 0.9275 0.023 0.025 0.016
0 0.9245 0.035 0.009 0.008
0 0.051 0.3615 0.056 0.065
0 0.009 0.274 0.018 0.036
0 0.0255 0.291 0.037 0.034
0 0.7155 0.0305 0.015 0.027
0 0.7755 0.3225 0.039 0.035
0 0.9325 0.7235 0.017 0.025
0 0.9485 0.728 0.023 0.018
0 0.989 0.627 0.02 0.032
0 0.7895 0.6975 0.035 0.025
0 0.397 0.324 0.04 0.03
0 0.4485 0.254 0.021 0.026
0 0.212 0.9025 0.062 0.019
0 0.114 0.874 0.028 0.032
0 0.1185 0.85 0.025 0.034
0 0.048 0.57 0.016 0.022
0 0.684 0.246 0.008 0.012
0 0.8145 0.2015 0.035 0.029
0 0.803 0.2345 0.034 0.039
0 0.652 0.338 0.044 0.032
0 0.635 0.063 0.03 0.024
0 0.652 0.0095 0.034 0.019
0 0.806 0.4345 0.034 0.033
0 0.946 0.454 0.04 0.04
0 0.334 0.984 0.054 0.03
0 0.4665 0.9935 0.031 0.011
0 0.6885 0.7595 0.015 0.017
0 0.7015 0.765 0.015 0.014
