0 0.12 0.1065 0.014 0.021
0 0.0515 0.3165 0.007 0.019
0 0.0075 0.3525 0.015 0.017
0 0.768 0.248 0.018 0.022
0 0.7685 0.257 0.019 0.02
0 0.959 0.222 0.012 0.01
0 0.2465 0.2935 0.017 0.013
0 0.453 0.1705 0.018 0.015
0 0.195 0.411 0.022 0.02
0 0.127 0.215 0.014 0.02
0 0.7185 0.24 0.015 0.01
0 0.766 0.36 0.02 0.022
0 0.0515 0.43 0.009 0.012
0 0.0525 0.643 0.013 0.02
0 0.051 0.673 0.014 0.016
0 0.118 0.675 0.02 0.012
0 0.0785 0.645 0.017 0.016
0 0.1045 0.742 0.017 0.016
0 0.0205 0.731 0.019 0.018
0 0.9225 0.955 0.017 0.022
0 0.983 0.8735 0.016 0.017
0 0.8885 0.889 0.021 0.012
0 0.7055 0.992 0.015 0.014
0 0.827 0.8585 0.018 0.017
0 0.4595 0.8575 0.019 0.017
0 0.346 0.8085 0.018 0.017
0 0.3105 0.7535 0.015 0.009
0 0.244 0.6535 0.016 0.015
0 0.2865 0.763 0.017 0.016
0 0.0075 0.7755 0.015 0.025
0 0.1485 0.9315 0.017 0.017
0 0.0935 0.903 0.015 0.01
0 0.1245 0.872 0.015 0.02
0 0.282 0.8815 0.016 0.019
0 0.3295 0.974 0.017 0.016
0 0.287 0.941 0.016 0.018
0 0.6365 0.791 0.023 0.014
0 0.61 0.8495 0.018 0.021
0 0.6225 0.8535 0.013 0.015
0 0.809 0.6445 0.024 0.015
0 0.074 0.38 0.022 0.02
0 0.069 0.435 0.022 0.026
0 0.0545 0.985 0.015 0.012
0 0.004 0.508 0.008 0.012
0 0.2265 0.4705 0.027 0.013
0 0.928 0.633 0.012 0.01
0 0.182 0.1895 0.018 0.017
0 0.1095 0.3925 0.017 0.019
0 0.39 0.431 0.026 0.024
0 0.9165 0.3605 0.011 0.013
0 0.5925 0.849 0.015 0.016
0 0.4925 0.5455 0.019 0.023
0 0.2425 0.2505 0.019 0.019
0 0.2065 0.2105 0.021 0.025
0 0.82 0.306 0.016 0.018
0 0.869 0.3535 0.02 0.017
0 0.8965 0.3505 0.017 0.015
0 0.8345 0.4305 0.007 0.011
0 0.8465 0.4335 0.017 0.015
0 0.8595 0.4275 0.017 0.015
0 0.8415 0.382 0.015 0.012
0 0.959 0.2615 0.02 0.019
0 0.9425 0.4695 0.021 0.019
0 0.889 0.8665 0.014 0.013
0 0.901 0.8635 0.018 0.019
0 0.8415 0.89 0.017 0.014
0 0.8965 0.93 0.019 0.02
0 0.941 0.9805 0.024 0.019
0 0.233 0.7545 0.016 0.011
0 0.052 0.6955 0.016 0.011
0 0.034 0.6635 0.008 0.007
0 0.026 0.67 0.008 0.004
0 0.035 0.673 0.006 0.006
0 0.0035 0.6545 0.007 0.007
0 0.0025 0.6305 0.005 0.015
0 0.641 0.899 0.018 0.018
0 0.637 0.8055 0.018 0.011
0 0.604 0.8115 0.018 0.013
0 0.7035 0.7615 0.021 0.019
0 0.7205 0.7645 0.017 0.017
0 0.7405 0.886 0.027 0.018
0 0.6975 0.809 0.015 0.016
0 0.7 0.827 0.02 0.018
0 0.4715 0.2625 0.021 0.021
0 0.4625 0.257 0.017 0.014
0 0.09 0.359 0.026 0.022
0 0.0975 0.369 0.017 0.014
0 0.368 0.3925 0.028 0.025
0 0.385 0.4 0.016 0.016
0 0.566 0.56 0.026 0.022
0 0.6065 0.511 0.019 0.016
0 0.625 0.5205 0.012 0.015
0 0.604 0.4585 0.02 0.019
0 0.1755 0.502 0.029 0.022
0 0.34 0.2605 0.014 0.017
0 0.338 0.2435 0.014 0.019
0 0.063 0.54 0.014 0.012
0 0.1975 0.779 0.017 0.018
0 0.211 0.7785 0.02 0.017
0 0.213 0.7545 0.02 0.013
0 0.2125 0.741 0.021 0.014
0 0.2985 0.7165 0.019 0.013
0 0.469 0.185 0.012 0.012
0 0.9225 0.313 0.015 0.012
0 0.93 0.317 0.022 0.022
0 0.492 0.9855 0.012 0.015
0 0.539 0.8195 0.014 0.009
0 0.89 0.478 0.018 0.022
0 0.2195 0.2725 0.007 0.011
0 0.226 0.285 0.01 0.014
0 0.1165 0.9745 0.017 0.011
0 0.6525 0.858 0.033 0.018
0 0.273 0.3965 0.016 0.021
0 0.1865 0.378 0.017 0.02
0 0.1975 0.383 0.013 0.016
0 0.471 0.502 0.018 0.016
0 0.4725 0.486 0.017 0.026
0 0.223 0.3135 0.012 0.015
0 0.7535 0.922 0.015 0.014
0 0.7525 0.934 0.017 0.012
0 0.7635 0.9315 0.009 0.013
0 0.643 0.539 0.012 0.014
0 0.9735 0.7935 0.017 0.013
0 0.9855 0.792 0.011 0.008
0 0.989 0.7995 0.012 0.009
0 0.9025 0.6995 0.013 0.009
0 0.893 0.6955 0.016 0.013
0 0.4525 0.481 0.015 0.018
0 0.3445 0.4635 0.019 0.023
0 0.3455 0.493 0.015 0.014
0 0.139 0.882 0.012 0.02
0 0.3045 0.8825 0.021 0.013
0 0.1535 0.478 0.021 0.028
0 0.3355 0.906 0.013 0.012
0 0.347 0.906 0.012 0.01
0 0.8245 0.8735 0.009 0.013
0 0.847 0.8645 0.012 0.011
0 0.793 0.8445 0.014 0.011
0 0.815 0.8495 0.016 0.015
0 0.429 0.884 0.014 0.016
0 0.1875 0.764 0.013 0.012
0 0.4095 0.9845 0.009 0.007
0 0.326 0.9965 0.008 0.005
0 0.966 0.914 0.014 0.01
0 0.926 0.898 0.012 0.008
0 0.986 0.8975 0.018 0.015
0 0.9425 0.8975 0.023 0.015
0 0.601 0.564 0.034 0.024
0 0.7025 0.262 0.017 0.024
0 0.7415 0.0425 0.029 0.041
0 0.9025 0.9635 0.021 0.015
0 0.9165 0.9805 0.017 0.017
0 0.994 0.9915 0.01 0.015
0 0.928 0.552 0.02 0.036
0 0.8805 0.5585 0.043 0.021
0 0.973 0.498 0.014 0.02
0 0.9895 0.4235 0.019 0.021
0 0.986 0.3395 0.024 0.019
0 0.8365 0.6845 0.025 0.019
0 0.3565 0.015 0.019 0.028
0 0.088 0.004 0.01 0.008
0 0.088 0.02 0.01 0.02
0 0.25 0.082 0.032 0.042
0 0.2875 0.104 0.021 0.034
0 0.3555 0.345 0.031 0.028
0 0.302 0.3645 0.028 0.035
0 0.098 0.4655 0.024 0.029
0 0.306 0.6775 0.018 0.017
0 0.2475 0.721 0.021 0.014
0 0.1735 0.7685 0.015 0.015
0 0.0275 0.8005 0.025 0.029
0 0.0765 0.775 0.027 0.018
0 0.388 0.51 0.022 0.032
0 0.1495 0.4235 0.023 0.039
0 0.1645 0.16 0.021 0.02
0 0.1555 0.1755 0.013 0.019
0 0.1405 0.119 0.021 0.032
0 0.27 0.151 0.03 0.032
0 0.225 0.131 0.018 0.03
0 0.23 0.177 0.02 0.028
0 0.171 0.092 0.012 0.024
0 0.46 0.402 0.036 0.03
0 0.2315 0.4475 0.029 0.023
0 0.2305 0.426 0.029 0.022
0 0.293 0.4975 0.026 0.025
0 0.2855 0.5225 0.023 0.023
0 0.255 0.5195 0.03 0.027
0 0.2195 0.497 0.033 0.028
0 0.4065 0.897 0.027 0.018
0 0.4475 0.9055 0.041 0.025
0 0.4665 0.9875 0.023 0.017
0 0.6835 0.9295 0.021 0.017
0 0.637 0.97 0.03 0.026
0 0.7415 0.865 0.033 0.016
0 0.8045 0.9175 0.029 0.021
0 0.8145 0.952 0.023 0.018
0 0.6635 0.807 0.019 0.016
0 0.5665 0.9105 0.029 0.019
0 0.5205 0.894 0.025 0.018
0 0.2605 0.965 0.027 0.02
0 0.203 0.973 0.012 0.008
0 0.0245 0.9155 0.019 0.025
0 0.304 0.226 0.03 0.028
0 0.3065 0.2065 0.025 0.035
0 0.0685 0.128 0.019 0.038
0 0.051 0.1565 0.02 0.037
0 0.4035 0.176 0.017 0.018
0 0.54 0.505 0.034 0.044
0 0.2655 0.349 0.035 0.052
0 0.1605 0.2615 0.033 0.031
0 0.194 0.0275 0.022 0.037
0 0.1165 0.2355 0.019 0.027
0 0.133 0.251 0.018 0.028
0 0.1395 0.489 0.021 0.022
0 0.125 0.538 0.018 0.01
0 0.651 0.941 0.04 0.022
0 0.594 0.896 0.018 0.012
0 0.5465 0.797 0.035 0.016
0 0.51 0.7485 0.042 0.021
0 0.4275 0.787 0.033 0.022
0 0.3645 0.739 0.029 0.034
0 0.8345 0.763 0.037 0.018
0 0.828 0.793 0.014 0.018
0 0.7375 0.318 0.019 0.032
0 0.553 0.27 0.04 0.036
0 0.6165 0.307 0.041 0.034
0 0.521 0.365 0.04 0.036
0 0.5385 0.349 0.027 0.042
0 0.303 0.4485 0.016 0.025
0 0.317 0.433 0.03 0.022
0 0.298 0.42 0.028 0.036
0 0.197 0.073 0.02 0.044
0 0.7635 0.1185 0.029 0.049
0 0.8505 0.553 0.023 0.02
0 0.706 0.567 0.03 0.026
0 0.77 0.7325 0.02 0.019
0 0.793 0.7285 0.02 0.017
0 0.0325 0.774 0.015 0.016
0 0.4455 0.5285 0.017 0.017
0 0.748 0.8085 0.02 0.013
0 0.351 0.5495 0.036 0.029
0 0.3635 0.5675 0.029 0.025
0 0.2245 0.3565 0.025 0.029
0 0.1665 0.459 0.013 0.02
0 0.022 0.571 0.028 0.02
0 0.8615 0.972 0.021 0.012
0 0.584 0.7375 0.036 0.013
0 0.0175 0.6605 0.025 0.021
0 0.493 0.58 0.016 0.018
0 0.5185 0.5615 0.021 0.023
0 0.5415 0.5755 0.045 0.019
0 0.6035 0.061 0.037 0.04
0 0.3635 0.293 0.031 0.03
0 0.8535 0.9145 0.029 0.019
0 0.731 0.4405 0.02 0.029
0 0.6705 0.3745 0.029 0.025
0 0.681 0.4085 0.04 0.023
0 0.627 0.432 0.016 0.03
0 0.5735 0.5295 0.021 0.021
0 0.3565 0.4495 0.019 0.023
0 0.1375 0.155 0.013 0.028
0 0.169 0.0165 0.014 0.021
0 0.168 0.041 0.01 0.022
0 0.1465 0.2895 0.019 0.039
0 0.0305 0.484 0.015 0.016
0 0.022 0.473 0.024 0.026
0 0.2455 0.562 0.023 0.018
0 0.0185 0.6945 0.027 0.023
0 0.2065 0.9345 0.027 0.019
0 0.916 0.5105 0.026 0.017
0 0.9825 0.5305 0.021 0.017
0 0.911 0.4875 0.032 0.017
0 0.876 0.523 0.02 0.018
0 0.949 0.531 0.022 0.02
0 0.969 0.574 0.018 0.018
0 0.9645 0.556 0.015 0.014
0 0.476 0.5645 0.016 0.019
0 0.4305 0.5635 0.021 0.031
0 0.725 0.371 0.024 0.03
0 0.764 0.4095 0.024 0.039
0 0.377 0.4785 0.02 0.027
0 0.26 0.9255 0.038 0.013
0 0.0935 0.758 0.021 0.016
0 0.2715 0.043 0.011 0.008
0 0.2985 0.051 0.007 0.01
0 0.282 0.0265 0.01 0.007
0 0.2845 0.0375 0.009 0.015
0 0.487 0.124 0.03 0.03
0 0.5145 0.2065 0.043 0.049
0 0.632 0.291 0.042 0.028
0 0.805 0.2715 0.022 0.027
0 0.8115 0.2095 0.027 0.033
0 0.3345 0.0455 0.021 0.031
0 0.3715 0.0525 0.023 0.029
0 0.37 0.0675 0.018 0.021
0 0.425 0.027 0.016 0.02
0 0.5955 0.4855 0.017 0.019
0 0.584 0.4905 0.014 0.025
0 0.508 0.104 0.02 0.024
0 0.8345 0.1365 0.023 0.025
0 0.8105 0.1505 0.021 0.017
0 0.9825 0.041 0.029 0.036
0 0.9155 0.0745 0.019 0.015
0 0.838 0.267 0.02 0.03
0 0.899 0.3185 0.018 0.029
0 0.9485 0.292 0.013 0.022
0 0.881 0.05 0.028 0.028
0 0.0205 0.8925 0.015 0.017
0 0.1795 0.9545 0.027 0.009
0 0.7725 0.762 0.023 0.016
0 0.9285 0.2875 0.021 0.021
0 0.8975 0.4025 0.019 0.017
0 0.9405 0.941 0.019 0.016
0 0.072 0.2105 0.016 0.027
0 0.1385 0.349 0.015 0.026
0 0.071 0.459 0.02 0.02
0 0.1465 0.0255 0.011 0.029
0 0.141 0.0405 0.014 0.023
0 0.1495 0.0615 0.019 0.027
0 0.9605 0.755 0.023 0.016
0 0.877 0.736 0.018 0.016
0 0.7305 0.4815 0.031 0.019
0 0.258 0.4805 0.016 0.017
0 0.2705 0.4685 0.027 0.021
0 0.274 0.451 0.024 0.026
0 0.252 0.435 0.018 0.022
0 0.0355 0.218 0.011 0.014
0 0.042 0.229 0.01 0.018
0 0.46 0.5425 0.02 0.033
0 0.401 0.0945 0.03 0.031
0 0.6705 0.0995 0.025 0.031
0 0.918 0.1105 0.028 0.029
0 0.893 0.0865 0.028 0.023
0 0.317 0.826 0.046 0.034
0 0.2545 0.8315 0.013 0.009
0 0.239 0.8275 0.014 0.019
0 0.2295 0.837 0.013 0.008
0 0.1185 0.856 0.015 0.012
0 0.6105 0.1305 0.025 0.029
0 0.641 0.496 0.02 0.022
0 0.6675 0.472 0.029 0.024
0 0.572 0.4085 0.016 0.031
0 0.86 0.204 0.026 0.032
0 0.8425 0.2275 0.021 0.039
0 0.4055 0.3825 0.029 0.017
0 0.4885 0.9455 0.021 0.011
0 0.4775 0.932 0.033 0.014
0 0.352 0.9575 0.022 0.021
0 0.03 0.6425 0.016 0.013
0 0.452 0.344 0.028 0.032
0 0.617 0.2635 0.014 0.011
0 0.833 0.1555 0.028 0.013
0 0.0285 0.1955 0.011 0.023
0 0.1015 0.2555 0.011 0.017
0 0.0885 0.2735 0.019 0.019
0 0.1165 0.2855 0.017 0.013
0 0.6105 0.774 0.041 0.01
0 0.5315 0.6785 0.029 0.009
0 0.5165 0.696 0.011 0.008
0 0.53 0.697 0.01 0.008
0 0.5525 0.702 0.019 0.012
0 0.404 0.702 0.026 0.014
0 0.7065 0.9315 0.029 0.017
0 0.719 0.917 0.04 0.026
0 0.8025 0.513 0.031 0.026
0 0.8605 0.1775 0.019 0.031
0 0.1665 0.137 0.017 0.016
0 0.3695 0.8225 0.017 0.019
0 0.1645 0.953 0.017 0.02
0 0.121 0.3295 0.016 0.021
0 0.175 0.3365 0.018 0.021
0 0.182 0.308 0.016 0.034
0 0.173 0.877 0.012 0.014
0 0.184 0.8885 0.024 0.025
0 0.6705 0.2955 0.013 0.009
0 0.6805 0.307 0.021 0.018
0 0.616 0.3425 0.028 0.019
0 0.4075 0.469 0.015 0.022
0 0.4175 0.484 0.015 0.022
0 0.4495 0.4275 0.029 0.013
0 0.4925 0.4335 0.015 0.015
0 0.488 0.4465 0.028 0.023
0 0.518 0.994 0.024 0.01
0 0.2555 0.584 0.021 0.018
0 0.273 0.5975 0.018 0.013
0 0.319 0.616 0.026 0.012
0 0.348 0.624 0.032 0.01
0 0.367 0.629 0.022 0.006
0 0.39 0.6335 0.014 0.005
0 0.1205 0.571 0.059 0.042
0 0.094 0.582 0.044 0.018
0 0.183 0.5395 0.018 0.013
0 0.4645 0.484 0.021 0.036
0 0.5585 0.471 0.017 0.008
0 0.601 0.4225 0.012 0.025
0 0.5345 0.444 0.017 0.024
0 0.888 0.8305 0.016 0.007
0 0.218 0.964 0.03 0.014
