0 0.1015 0.0295 0.019 0.019
0 0.098 0.058 0.02 0.022
0 0.957 0.0615 0.04 0.035
0 0.9875 0.0525 0.019 0.031
0 0.9915 0.125 0.015 0.04
0 0.972 0.134 0.02 0.03
0 0.884 0.1895 0.026 0.039
0 0.902 0.2145 0.02 0.027
0 0.9545 0.244 0.021 0.018
0 0.9425 0.2145 0.019 0.029
0 0.9675 0.1745 0.029 0.027
0 0.9915 0.184 0.015 0.026
0 0.905 0.183 0.024 0.022
0 0.914 0.2005 0.028 0.037
0 0.88 0.262 0.032 0.036
0 0.9355 0.3225 0.027 0.035
0 0.958 0.2935 0.026 0.039
0 0.986 0.361 0.024 0.038
0 0.9735 0.427 0.029 0.03
0 0.975 0.456 0.038 0.026
0 0.988 0.4785 0.018 0.017
0 0.972 0.5135 0.04 0.025
0 0.9835 0.641 0.029 0.03
0 0.95 0.604 0.036 0.032
0 0.9835 0.5955 0.029 0.023
0 0.9405 0.564 0.021 0.022
0 0.936 0.575 0.018 0.02
0 0.917 0.59 0.026 0.024
0 0.9225 0.506 0.027 0.03
0 0.9865 0.6985 0.025 0.019
0 0.9235 0.688 0.029 0.02
0 0.91 0.77 0.028 0.036
0 0.956 0.8415 0.034 0.035
0 0.928 0.8305 0.026 0.041
0 0.9655 0.8765 0.025 0.023
0 0.961 0.951 0.02 0.024
0 0.9795 0.973 0.027 0.024
0 0.953 0.9735 0.018 0.015
0 0.9565 0.99 0.015 0.016
0 0.988 0.989 0.022 0.018
0 0.8685 0.7715 0.033 0.031
0 0.883 0.7975 0.034 0.029
0 0.901 0.8235 0.026 0.027
0 0.896 0.8495 0.018 0.021
0 0.89 0.98 0.032 0.032
0 0.8475 0.9325 0.027 0.029
0 0.8285 0.962 0.023 0.028
0 0.8585 0.9665 0.019 0.027
0 0.6855 0.9875 0.027 0.021
0 0.67 0.9815 0.028 0.031
0 0.674 0.944 0.032 0.02
0 0.5965 0.945 0.025 0.036
0 0.5295 0.984 0.021 0.026
0 0.501 0.912 0.03 0.03
0 0.441 0.9335 0.032 0.033
0 0.4165 0.9695 0.031 0.037
0 0.386 0.9295 0.038 0.041
0 0.4855 0.8775 0.027 0.031
0 0.5765 0.917 0.031 0.036
0 0.166 0.9635 0.034 0.031
0 0.0905 0.94 0.041 0.038
0 0.0575 0.97 0.027 0.04
0 0.029 0.982 0.026 0.032
0 0.121 0.949 0.036 0.026
0 0.1005 0.971 0.025 0.032
0 0.0745 0.9845 0.029 0.025
0 0.0505 0.91 0.039 0.024
0 0.041 0.891 0.034 0.024
0 0.0325 0.8815 0.037 0.031
0 0.2035 0.887 0.055 0.042
0 0.151 0.8675 0.04 0.029
0 0.1135 0.892 0.053 0.034
0 0.307 0.9125 0.026 0.025
0 0.3195 0.9245 0.025 0.027
0 0.248 0.9865 0.02 0.021
0 0.239 0.9765 0.02 0.025
0 0.257 0.9495 0.032 0.031
0 0.304 0.987 0.034 0.02
0 0.097 0.866 0.026 0.018
0 0.081 0.829 0.018 0.018
0 0.1825 0.8435 0.031 0.031
0 0.2005 0.84 0.023 0.028
0 0.2195 0.8065 0.029 0.027
0 0.2395 0.7945 0.041 0.025
0 0.2675 0.7895 0.029 0.023
0 0.3055 0.7935 0.031 0.031
0 0.3085 0.768 0.031 0.032
0 0.3325 0.8145 0.029 0.025
0 0.34 0.7955 0.032 0.023
0 0.384 0.81 0.042 0.036
0 0.4325 0.822 0.035 0.036
0 0.407 0.841 0.036 0.036
0 0.9565 0.0205 0.035 0.033
0 0.963 0.199 0.028 0.028
0 0.9695 0.539 0.033 0.032
0 0.966 0.6985 0.026 0.025
0 0.96 0.7715 0.022 0.023
0 0.9005 0.9335 0.039 0.049
0 0.81 0.964 0.026 0.034
0 0.695 0.9735 0.022 0.031
0 0.637 0.978 0.022 0.026
0 0.5125 0.953 0.031 0.038
0 0.472 0.9265 0.036 0.043
0 0.4485 0.959 0.029 0.038
0 0.353 0.9855 0.028 0.025
0 0.1745 0.9905 0.035 0.015
0 0.0385 0.946 0.037 0.026
0 0.1005 0.845 0.015 0.012
0 0.0585 0.796 0.023 0.016
0 0.3775 0.8605 0.037 0.037
0 0.342 0.8465 0.034 0.047
0 0.474 0.803 0.034 0.046
0 0.516 0.7845 0.044 0.035
0 0.6265 0.9425 0.027 0.029
0 0.633 0.925 0.018 0.024
0 0.7415 0.9255 0.041 0.043
0 0.752 0.8835 0.024 0.023
0 0.7835 0.842 0.045 0.03
0 0.787 0.7435 0.024 0.029
0 0.7695 0.739 0.025 0.026
0 0.857 0.7055 0.056 0.055
0 0.914 0.6625 0.042 0.021
0 0.874 0.651 0.036 0.036
0 0.873 0.626 0.024 0.022
0 0.8735 0.601 0.031 0.02
0 0.886 0.5855 0.036 0.027
0 0.902 0.5605 0.032 0.029
0 0.8855 0.5055 0.031 0.025
0 0.8725 0.451 0.025 0.02
0 0.882 0.476 0.034 0.026
0 0.8405 0.569 0.035 0.026
0 0.831 0.626 0.028 0.036
0 0.7885 0.607 0.021 0.034
0 0.767 0.5505 0.028 0.033
0 0.825 0.4455 0.036 0.029
0 0.8465 0.504 0.031 0.036
0 0.8 0.5205 0.016 0.025
0 0.815 0.5195 0.016 0.017
0 0.8305 0.5325 0.023 0.031
0 0.8115 0.4885 0.023 0.025
0 0.8215 0.477 0.019 0.022
0 0.7285 0.447 0.035 0.022
0 0.7195 0.4165 0.041 0.041
0 0.748 0.386 0.032 0.022
0 0.5515 0.891 0.035 0.042
0 0.558 0.8585 0.04 0.033
0 0.6085 0.8835 0.049 0.031
0 0.645 0.8555 0.016 0.025
0 0.67 0.818 0.022 0.03
0 0.649 0.7885 0.02 0.017
0 0.6315 0.7905 0.015 0.021
0 0.597 0.7695 0.03 0.039
0 0.6315 0.7375 0.021 0.015
0 0.686 0.745 0.02 0.02
0 0.7075 0.7495 0.015 0.019
0 0.6915 0.77 0.021 0.026
0 0.7305 0.7345 0.029 0.037
0 0.763 0.7055 0.038 0.029
0 0.6035 0.6555 0.035 0.043
0 0.573 0.808 0.036 0.034
0 0.5715 0.73 0.037 0.04
0 0.5065 0.752 0.023 0.02
0 0.448 0.7915 0.03 0.033
0 0.427 0.7825 0.02 0.027
0 0.4565 0.7685 0.019 0.017
0 0.3925 0.737 0.031 0.034
0 0.387 0.686 0.028 0.02
0 0.3435 0.7015 0.025 0.019
0 0.3065 0.7265 0.025 0.019
0 0.102 0.729 0.022 0.02
0 0.0815 0.688 0.021 0.026
0 0.087 0.705 0.018 0.024
0 0.2175 0.662 0.019 0.02
0 0.9395 0.7265 0.035 0.037
0 0.915 0.711 0.026 0.018
0 0.98 0.728 0.034 0.032
0 0.738 0.8585 0.02 0.025
0 0.1395 0.8405 0.033 0.021
0 0.158 0.821 0.024 0.016
0 0.129 0.8205 0.024 0.019
0 0.2675 0.6825 0.021 0.021
0 0.185 0.6545 0.018 0.019
0 0.159 0.6245 0.018 0.019
0 0.1505 0.6705 0.021 0.017
0 0.1295 0.7045 0.029 0.019
0 0.16 0.688 0.02 0.016
0 0.127 0.6835 0.034 0.019
0 0.036 0.649 0.036 0.044
0 0.0225 0.6025 0.039 0.037
0 0.079 0.572 0.034 0.03
0 0.0535 0.574 0.025 0.028
0 0.1075 0.5115 0.039 0.035
0 0.1305 0.494 0.021 0.03
0 0.1695 0.4575 0.031 0.037
0 0.3095 0.3775 0.035 0.033
0 0.38 0.4535 0.032 0.041
0 0.3955 0.377 0.029 0.03
0 0.354 0.416 0.034 0.034
0 0.3405 0.3715 0.027 0.043
0 0.1585 0.8005 0.033 0.019
0 0.024 0.806 0.026 0.018
0 0.0295 0.684 0.043 0.04
0 0.0105 0.6385 0.019 0.041
0 0.2245 0.6895 0.027 0.017
0 0.157 0.781 0.026 0.022
0 0.125 0.782 0.02 0.018
0 0.105 0.8005 0.018 0.017
0 0.0835 0.8005 0.027 0.013
0 0.2275 0.6125 0.025 0.019
0 0.158 0.6515 0.026 0.025
0 0.1915 0.612 0.023 0.02
0 0.195 0.6285 0.03 0.021
0 0.204 0.589 0.018 0.02
0 0.192 0.5665 0.016 0.015
0 0.2265 0.55 0.023 0.02
0 0.298 0.5705 0.02 0.019
0 0.314 0.5995 0.022 0.021
0 0.3245 0.6175 0.015 0.025
0 0.2865 0.6195 0.019 0.019
0 0.347 0.6485 0.02 0.019
0 0.3875 0.655 0.023 0.018
0 0.4075 0.587 0.021 0.016
0 0.428 0.569 0.026 0.022
0 0.456 0.601 0.018 0.026
0 0.703 0.7155 0.034 0.041
0 0.722 0.6805 0.03 0.039
0 0.526 0.548 0.036 0.04
0 0.628 0.5515 0.038 0.027
0 0.602 0.4345 0.038 0.025
0 0.4005 0.6395 0.025 0.027
0 0.372 0.6195 0.022 0.023
0 0.3455 0.613 0.023 0.022
0 0.371 0.589 0.024 0.018
0 0.26 0.6395 0.02 0.027
0 0.24 0.569 0.016 0.02
0 0.2535 0.5425 0.017 0.023
0 0.2815 0.5255 0.021 0.015
0 0.2995 0.5365 0.021 0.019
0 0.3235 0.526 0.017 0.02
0 0.3445 0.5185 0.017 0.025
0 0.2935 0.4935 0.019 0.019
0 0.2385 0.4495 0.021 0.021
0 0.2715 0.4515 0.021 0.025
0 0.3235 0.4575 0.019 0.029
0 0.2415 0.4855 0.021 0.025
0 0.229 0.474 0.018 0.018
0 0.2165 0.5 0.019 0.022
0 0.1745 0.531 0.023 0.032
0 0.051 0.512 0.044 0.04
0 0.073 0.458 0.05 0.05
0 0.143 0.4265 0.034 0.037
0 0.209 0.421 0.042 0.036
0 0.2645 0.382 0.039 0.02
0 0.477 0.389 0.024 0.038
0 0.4695 0.414 0.021 0.026
0 0.543 0.603 0.044 0.048
0 0.5765 0.467 0.035 0.042
0 0.7005 0.4755 0.023 0.031
0 0.628 0.3535 0.052 0.027
0 0.651 0.2625 0.038 0.031
0 0.6615 0.294 0.031 0.026
0 0.647 0.318 0.032 0.022
0 0.6755 0.3755 0.045 0.027
0 0.775 0.4095 0.038 0.041
0 0.8645 0.3675 0.027 0.027
0 0.84 0.322 0.034 0.04
0 0.853 0.1395 0.032 0.035
0 0.8555 0.092 0.033 0.046
0 0.8655 0.0385 0.033 0.037
0 0.9135 0.091 0.041 0.056
0 0.816 0.1095 0.026 0.037
0 0.741 0.032 0.036 0.042
0 0.823 0.062 0.028 0.044
0 0.544 0.4975 0.042 0.037
0 0.4875 0.4655 0.025 0.039
0 0.661 0.4185 0.05 0.055
0 0.514 0.3445 0.034 0.059
0 0.54 0.3255 0.026 0.051
0 0.4075 0.3255 0.043 0.045
0 0.3645 0.32 0.041 0.036
0 0.3745 0.2915 0.051 0.043
0 0.435 0.283 0.032 0.032
0 0.4155 0.27 0.031 0.03
0 0.4025 0.2385 0.027 0.033
0 0.503 0.2895 0.034 0.035
0 0.5315 0.2535 0.035 0.029
0 0.565 0.2185 0.026 0.039
0 0.546 0.199 0.03 0.042
0 0.5385 0.223 0.027 0.03
0 0.5605 0.1445 0.027 0.031
0 0.529 0.1725 0.024 0.025
0 0.471 0.113 0.026 0.024
0 0.487 0.0615 0.022 0.025
0 0.4655 0.0475 0.023 0.039
0 0.4485 0.0245 0.025 0.035
0 0.6115 0.05 0.029 0.032
0 0.7085 0.04 0.025 0.036
0 0.479 0.257 0.026 0.026
0 0.4585 0.2545 0.023 0.021
0 0.3125 0.283 0.029 0.034
0 0.243 0.309 0.024 0.024
0 0.2125 0.2565 0.045 0.037
0 0.118 0.3265 0.042 0.037
0 0.04 0.364 0.042 0.042
0 0.089 0.346 0.04 0.034
0 0.015 0.3265 0.022 0.021
0 0.2245 0.308 0.021 0.02
0 0.3715 0.223 0.047 0.048
0 0.4425 0.1265 0.033 0.029
0 0.608 0.0985 0.022 0.041
0 0.066 0.0975 0.02 0.019
0 0.0615 0.0625 0.017 0.025
0 0.0125 0.1055 0.023 0.035
0 0.0205 0.1395 0.033 0.033
0 0.0265 0.162 0.037 0.022
0 0.0175 0.188 0.031 0.024
0 0.201 0.113 0.022 0.022
0 0.2485 0.15 0.039 0.026
0 0.3345 0.098 0.025 0.028
0 0.3525 0.097 0.023 0.022
0 0.37 0.08 0.028 0.03
0 0.41 0.062 0.036 0.03
0 0.335 0.038 0.03 0.036
0 0.2015 0.1405 0.033 0.039
0 0.309 0.026 0.026 0.022
0 0.3635 0.037 0.025 0.03
0 0.224 0.04 0.036 0.052
0 0.1115 0.0095 0.031 0.015
0 0.072 0.0715 0.012 0.013
0 0.0485 0.092 0.023 0.022
0 0.038 0.0865 0.026 0.031
0 0.0535 0.024 0.041 0.032
0 0.085 0.147 0.022 0.032
0 0.0805 0.118 0.013 0.018
0 0.1215 0.2935 0.023 0.021
0 0.104 0.3 0.02 0.018
0 0.0925 0.3125 0.025 0.019
0 0.0965 0.2465 0.017 0.019
0 0.142 0.278 0.032 0.022
0 0.0915 0.2815 0.023 0.019
0 0.0795 0.276 0.027 0.018
0 0.1045 0.1905 0.023 0.021
0 0.1265 0.254 0.023 0.016
0 0.114 0.2655 0.016 0.017
0 0.0715 0.1745 0.023 0.037
0 0.045 0.228 0.046 0.044
0 0.075 0.2215 0.04 0.035
0 0.144 0.231 0.024 0.036
0 0.1535 0.189 0.039 0.05
0 0.2235 0.1805 0.043 0.041
0 0.2465 0.2025 0.029 0.049
0 0.32 0.165 0.042 0.032
0 0.309 0.205 0.038 0.028
0 0.177 0.017 0.014 0.028
0 0.195 0.077 0.012 0.016
0 0.1485 0.059 0.025 0.038
0 0.1425 0.034 0.017 0.02
0 0.1555 0.11 0.017 0.024
0 0.137 0.137 0.03 0.024
0 0.2095 0.0845 0.023 0.021
0 0.121 0.109 0.018 0.034
0 0.1075 0.1085 0.017 0.017
0 0.1235 0.079 0.025 0.032
0 0.194 0.041 0.026 0.032
0 0.2045 0.013 0.027 0.022
0 0.1675 0.0745 0.019 0.033
0 0.3295 0.0655 0.031 0.029
0 0.3825 0.0315 0.019 0.023
0 0.505 0.032 0.024 0.028
0 0.538 0.034 0.04 0.018
0 0.539 0.0715 0.026 0.033
0 0.5275 0.0525 0.037 0.023
0 0.571 0.087 0.04 0.036
0 0.6585 0.024 0.021 0.016
0 0.751 0.084 0.032 0.046
0 0.7945 0.0645 0.031 0.055
0 0.7745 0.0735 0.019 0.031
0 0.806 0.157 0.042 0.05
0 0.8435 0.1915 0.031 0.035
0 0.809 0.219 0.04 0.04
0 0.737 0.2325 0.016 0.019
0 0.756 0.2425 0.016 0.025
0 0.7665 0.234 0.017 0.022
0 0.816 0.285 0.026 0.014
0 0.861 0.2925 0.032 0.033
0 0.908 0.281 0.02 0.03
0 0.9005 0.338 0.029 0.024
0 0.8795 0.3195 0.037 0.029
0 0.8215 0.336 0.019 0.02
0 0.797 0.332 0.03 0.042
0 0.783 0.3715 0.02 0.039
0 0.767 0.35 0.026 0.028
0 0.746 0.359 0.032 0.028
0 0.7215 0.366 0.017 0.036
0 0.8455 0.244 0.025 0.032
0 0.819 0.258 0.038 0.034
0 0.7525 0.304 0.041 0.044
0 0.796 0.292 0.026 0.028
0 0.7815 0.275 0.033 0.032
0 0.6745 0.2315 0.027 0.033
0 0.6985 0.1845 0.033 0.037
0 0.589 0.16 0.022 0.026
0 0.5925 0.13 0.031 0.018
0 0.641 0.0865 0.028 0.025
0 0.6215 0.1345 0.023 0.021
0 0.636 0.1245 0.03 0.027
0 0.6595 0.137 0.035 0.036
0 0.6155 0.16 0.021 0.02
0 0.641 0.163 0.018 0.028
0 0.617 0.332 0.03 0.014
0 0.6105 0.401 0.035 0.032
0 0.4565 0.483 0.031 0.046
0 0.3605 0.5245 0.019 0.017
0 0.3805 0.57 0.039 0.02
0 0.302 0.475 0.02 0.018
0 0.2735 0.4225 0.019 0.021
0 0.2645 0.405 0.017 0.018
0 0.303 0.437 0.018 0.022
0 0.3135 0.512 0.019 0.02
0 0.2825 0.5605 0.019 0.019
0 0.32 0.559 0.022 0.018
0 0.338 0.566 0.028 0.018
0 0.3415 0.671 0.035 0.02
0 0.096 0.43 0.04 0.034
0 0.253 0.2565 0.018 0.019
0 0.3125 0.255 0.015 0.02
0 0.3325 0.2525 0.017 0.015
0 0.3505 0.248 0.017 0.014
0 0.3555 0.1265 0.029 0.027
0 0.3865 0.115 0.021 0.022
0 0.486 0.2085 0.032 0.027
0 0.439 0.069 0.026 0.014
0 0.43 0.0835 0.034 0.023
0 0.398 0.087 0.024 0.02
0 0.4845 0.014 0.031 0.018
0 0.848 0.0145 0.022 0.025
0 0.9065 0.442 0.027 0.03
0 0.93 0.633 0.032 0.018
0 0.613 0.907 0.028 0.034
0 0.61 0.586 0.018 0.016
0 0.678 0.4985 0.018 0.015
0 0.6595 0.51 0.017 0.02
0 0.6425 0.4945 0.017 0.019
0 0.6785 0.521 0.015 0.02
0 0.516 0.664 0.052 0.044
0 0.4495 0.675 0.033 0.03
0 0.5595 0.6835 0.033 0.027
0 0.651 0.6805 0.052 0.023
0 0.482 0.6885 0.024 0.021
0 0.474 0.728 0.02 0.014
0 0.467 0.7495 0.028 0.023
0 0.29 0.642 0.028 0.026
0 0.2955 0.6695 0.021 0.023
0 0.3215 0.657 0.027 0.016
0 0.3775 0.535 0.027 0.036
0 0.0385 0.2965 0.021 0.025
0 0.057 0.28 0.02 0.028
0 0.1345 0.171 0.023 0.024
0 0.0555 0.1345 0.023 0.027
0 0.529 0.124 0.038 0.024
0 0.5045 0.1045 0.035 0.027
0 0.477 0.153 0.028 0.018
0 0.374 0.1545 0.032 0.025
0 0.4255 0.233 0.029 0.036
0 0.4465 0.215 0.033 0.036
0 0.431 0.349 0.018 0.024
0 0.4475 0.349 0.017 0.018
0 0.472 0.2955 0.026 0.035
0 0.758 0.783 0.038 0.042
0 0.7875 0.7675 0.029 0.029
0 0.8415 0.885 0.021 0.02
0 0.685 0.897 0.034 0.036
0 0.6595 0.925 0.033 0.036
0 0.4595 0.878 0.025 0.04
0 0.281 0.7395 0.032 0.021
0 0.1725 0.565 0.027 0.022
0 0.111 0.6845 0.024 0.021
0 0.016 0.75 0.026 0.026
0 0.019 0.7735 0.02 0.027
0 0.0775 0.7495 0.027 0.029
0 0.13 0.5955 0.022 0.027
0 0.175 0.6025 0.03 0.025
0 0.261 0.578 0.018 0.018
0 0.1945 0.23 0.031 0.036
0 0.224 0.2255 0.036 0.031
0 0.192 0.1935 0.028 0.023
0 0.255 0.698 0.026 0.016
0 0.661 0.7385 0.024 0.027
0 0.6815 0.7265 0.019 0.017
0 0.691 0.8035 0.016 0.025
0 0.009 0.372 0.012 0.042
0 0.4165 0.1665 0.041 0.041
0 0.441 0.1715 0.036 0.023
0 0.615 0.2835 0.034 0.023
0 0.6195 0.3015 0.027 0.027
0 0.5295 0.3695 0.023 0.027
0 0.5575 0.2625 0.031 0.033
0 0.644 0.22 0.03 0.032
0 0.627 0.0635 0.02 0.029
0 0.5685 0.015 0.031 0.028
0 0.6665 0.033 0.015 0.018
0 0.6955 0.0185 0.025 0.029
0 0.959 0.6575 0.02 0.027
0 0.971 0.804 0.022 0.022
0 0.944 0.802 0.028 0.022
0 0.718 0.8305 0.024 0.027
0 0.199 0.783 0.032 0.024
0 0.2235 0.766 0.025 0.018
0 0.155 0.7125 0.026 0.017
0 0.09 0.7675 0.016 0.025
0 0.075 0.5335 0.04 0.037
0 0.0305 0.546 0.031 0.03
0 0.018 0.5045 0.026 0.031
0 0.7725 0.0165 0.029 0.031
0 0.941 0.4265 0.024 0.037
0 0.9425 0.75 0.025 0.02
0 0.9445 0.889 0.029 0.032
0 0.7685 0.982 0.033 0.028
0 0.336 0.9655 0.026 0.045
0 0.2855 0.9605 0.019 0.023
0 0.0565 0.843 0.021 0.018
0 0.1965 0.744 0.015 0.022
0 0.253 0.736 0.028 0.012
0 0.338 0.739 0.02 0.018
0 0.321 0.7115 0.022 0.023
0 0.535 0.7315 0.024 0.029
0 0.485 0.1885 0.054 0.041
0 0.5945 0.2485 0.019 0.029
0 0.5855 0.2145 0.011 0.045
0 0.5975 0.3625 0.029 0.029
0 0.145 0.6085 0.02 0.019
0 0.135 0.6485 0.02 0.019
0 0.195 0.7035 0.022 0.021
0 0.112 0.7545 0.02 0.027
0 0.456 0.552 0.028 0.038
0 0.7045 0.846 0.015 0.024
0 0.692 0.827 0.014 0.024
0 0.7655 0.901 0.027 0.036
0 0.7035 0.9165 0.027 0.029
0 0.8725 0.9145 0.025 0.031
0 0.386 0.056 0.014 0.024
0 0.4075 0.1265 0.031 0.035
0 0.246 0.938 0.04 0.042
0 0.3875 0.0105 0.023 0.015
0 0.501 0.86 0.026 0.034
0 0.2505 0.601 0.007 0.008
0 0.2445 0.649 0.021 0.02
0 0.759 0.522 0.03 0.04
0 0.7935 0.5495 0.017 0.015
0 0.967 0.585 0.036 0.022
0 0.709 0.765 0.016 0.022
0 0.1225 0.1955 0.021 0.041
0 0.4645 0.1205 0.025 0.037
0 0.8095 0.6585 0.037 0.029
0 0.687 0.0865 0.02 0.033
0 0.358 0.4935 0.012 0.019
0 0.926 0.2315 0.01 0.011
