0 0.1945 0.316 0.043 0.064
0 0.309 0.2385 0.034 0.035
0 0.2515 0.129 0.015 0.018
0 0.203 0.105 0.018 0.016
0 0.285 0.0515 0.018 0.013
0 0.491 0.025 0.018 0.018
0 0.8625 0.0605 0.013 0.019
0 0.8695 0.0165 0.019 0.019
0 0.902 0.0255 0.018 0.015
0 0.926 0.047 0.02 0.02
0 0.9625 0.01 0.021 0.018
0 0.8045 0.174 0.013 0.024
0 0.8905 0.155 0.013 0.022
0 0.9505 0.1235 0.017 0.017
0 0.8975 0.0815 0.017 0.019
0 0.871 0.083 0.016 0.018
0 0.768 0.03 0.014 0.02
0 0.786 0.038 0.016 0.022
0 0.7175 0.011 0.017 0.02
0 0.9775 0.121 0.021 0.018
0 0.9805 0.331 0.017 0.016
0 0.8735 0.3775 0.015 0.019
0 0.935 0.0685 0.014 0.017
0 0.9085 0.0055 0.019 0.011
0 0.965 0.1045 0.022 0.019
0 0.907 0.1025 0.018 0.017
0 0.7835 0.0665 0.017 0.013
0 0.644 0.0595 0.012 0.009
0 0.7955 0.109 0.015 0.014
0 0.724 0.113 0.016 0.014
0 0.849 0.07 0.014 0.02
0 0.8965 0.124 0.015 0.016
0 0.8795 0.4175 0.013 0.019
0 0.8955 0.4805 0.021 0.017
0 0.956 0.529 0.022 0.016
0 0.895 0.4985 0.016 0.015
0 0.9935 0.462 0.011 0.016
0 0.9675 0.5065 0.019 0.019
0 0.99 0.6005 0.016 0.017
0 0.8925 0.6885 0.017 0.021
0 0.9845 0.7065 0.017 0.017
0 0.867 0.621 0.018 0.018
0 0.9005 0.663 0.015 0.028
0 0.9295 0.7355 0.015 0.017
0 0.982 0.7595 0.016 0.015
0 0.9855 0.744 0.021 0.018
0 0.961 0.728 0.012 0.012
0 0.9925 0.6885 0.013 0.017
0 0.0105 0.2405 0.013 0.021
0 0.123 0.2205 0.018 0.019
0 0.179 0.2275 0.02 0.021
0 0.158 0.214 0.014 0.012
0 0.2095 0.1635 0.015 0.015
0 0.3295 0.05 0.013 0.012
0 0.393 0.023 0.024 0.016
0 0.0385 0.072 0.017 0.018
0 0.0585 0.0545 0.019 0.017
0 0.054 0.021 0.016 0.02
0 0.0265 0.0085 0.015 0.015
0 0.006 0.032 0.01 0.016
0 0.115 0.0065 0.016 0.011
0 0.008 0.1065 0.016 0.021
0 0.3735 0.038 0.021 0.016
0 0.3385 0.0995 0.025 0.023
0 0.274 0.104 0.014 0.022
0 0.0055 0.2915 0.011 0.025
0 0.072 0.258 0.02 0.024
0 0.0245 0.406 0.015 0.018
0 0.065 0.2885 0.02 0.025
0 0.0435 0.3495 0.021 0.021
0 0.7585 0.88 0.017 0.024
0 0.69 0.8705 0.016 0.021
0 0.6495 0.9335 0.019 0.021
0 0.6055 0.9825 0.019 0.019
0 0.6655 0.9405 0.017 0.025
0 0.6175 0.965 0.031 0.014
0 0.6275 0.9495 0.021 0.017
0 0.6635 0.91 0.015 0.02
0 0.7445 0.9475 0.015 0.021
0 0.71 0.978 0.02 0.02
0 0.918 0.9025 0.018 0.021
0 0.892 0.94 0.018 0.02
0 0.9645 0.8915 0.017 0.019
0 0.9455 0.91 0.025 0.016
0 0.896 0.8015 0.016 0.021
0 0.8895 0.825 0.013 0.02
0 0.7395 0.707 0.019 0.02
0 0.833 0.404 0.018 0.022
0 0.657 0.8145 0.022 0.019
0 0.6955 0.7675 0.011 0.013
0 0.795 0.82 0.016 0.022
0 0.861 0.7555 0.014 0.015
0 0.3425 0.792 0.025 0.022
0 0.4485 0.863 0.027 0.03
0 0.184 0.1445 0.028 0.025
0 0.392 0.9715 0.032 0.035
0 0.534 0.7565 0.048 0.055
0 0.708 0.803 0.018 0.022
0 0.9345 0.6975 0.017 0.017
0 0.9215 0.834 0.011 0.016
0 0.9795 0.8605 0.013 0.021
0 0.975 0.7315 0.014 0.019
0 0.8875 0.6095 0.015 0.011
0 0.899 0.62 0.016 0.02
0 0.855 0.564 0.016 0.022
0 0.9065 0.536 0.013 0.02
0 0.928 0.4365 0.014 0.017
0 0.942 0.4155 0.024 0.019
0 0.9585 0.225 0.013 0.026
0 0.966 0.198 0.016 0.026
0 0.9655 0.1615 0.019 0.023
0 0.7815 0.295 0.015 0.028
0 0.8105 0.2715 0.013 0.027
0 0.856 0.2325 0.026 0.023
0 0.864 0.2595 0.01 0.021
0 0.7625 0.616 0.013 0.014
0 0.835 0.321 0.016 0.024
0 0.8705 0.491 0.013 0.012
0 0.8305 0.17 0.017 0.02
0 0.881 0.185 0.02 0.028
0 0.9775 0.066 0.017 0.018
0 0.993 0.087 0.012 0.016
0 0.9885 0.141 0.017 0.02
0 0.246 0.3715 0.036 0.029
0 0.4865 0.599 0.065 0.058
0 0.802 0.0915 0.034 0.035
0 0.9275 0.105 0.019 0.014
0 0.7515 0.038 0.019 0.024
0 0.7625 0.392 0.013 0.028
0 0.919 0.4525 0.018 0.015
0 0.789 0.597 0.014 0.018
0 0.851 0.386 0.018 0.02
0 0.8565 0.3555 0.017 0.033
0 0.884 0.3615 0.01 0.009
0 0.4425 0.1775 0.045 0.051
0 0.4885 0.1465 0.033 0.055
0 0.331 0.37 0.04 0.042
0 0.0915 0.017 0.017 0.016
0 0.0695 0.0085 0.013 0.013
0 0.4295 0.075 0.025 0.02
0 0.559 0.139 0.03 0.05
0 0.673 0.008 0.02 0.016
0 0.6545 0.0035 0.019 0.007
0 0.847 0.778 0.022 0.018
0 0.8705 0.737 0.015 0.018
0 0.872 0.8435 0.018 0.019
0 0.876 0.8805 0.018 0.017
0 0.6825 0.417 0.047 0.044
0 0.5325 0.104 0.045 0.066
0 0.27 0.5935 0.054 0.067
0 0.1905 0.485 0.033 0.046
0 0.0345 0.3115 0.025 0.029
0 0.4395 0.302 0.039 0.046
0 0.3615 0.3915 0.031 0.041
0 0.4355 0.6715 0.041 0.049
0 0.272 0.7215 0.026 0.035
0 0.0785 0.7365 0.037 0.071
0 0.15 0.434 0.044 0.066
0 0.0815 0.4515 0.031 0.057
0 0.3765 0.1945 0.037 0.053
0 0.112 0.4185 0.034 0.035
0 0.163 0.8325 0.042 0.041
0 0.1835 0.831 0.031 0.038
0 0.586 0.7235 0.066 0.047
0 0.494 0.6915 0.068 0.047
0 0.498 0.6505 0.06 0.039
0 0.327 0.2825 0.032 0.047
0 0.049 0.006 0.02 0.01
0 0.032 0.0275 0.018 0.019
0 0.2845 0.4435 0.035 0.053
0 0.006 0.6215 0.01 0.021
0 0.6575 0.2745 0.049 0.043
0 0.785 0.2105 0.014 0.015
0 0.794 0.2225 0.016 0.021
0 0.849 0.0415 0.014 0.019
0 0.878 0.1105 0.028 0.019
0 0.933 0.3805 0.018 0.021
0 0.948 0.3695 0.016 0.017
0 0.9465 0.049 0.015 0.016
0 0.99 0.0055 0.016 0.009
0 0.9645 0.0835 0.017 0.013
0 0.9615 0.395 0.017 0.014
0 0.897 0.7685 0.024 0.033
0 0.992 0.8135 0.012 0.019
0 0.787 0.971 0.012 0.022
0 0.735 0.7315 0.026 0.023
0 0.6165 0.573 0.063 0.058
0 0.531 0.5545 0.05 0.043
0 0.3925 0.5985 0.033 0.025
0 0.2505 0.7725 0.043 0.039
0 0.107 0.357 0.026 0.026
0 0.0675 0.4195 0.033 0.039
0 0.4035 0.985 0.031 0.022
0 0.427 0.964 0.03 0.034
0 0.087 0.828 0.032 0.054
0 0.092 0.067 0.03 0.03
0 0.3765 0.8395 0.055 0.047
0 0.3185 0.937 0.033 0.032
0 0.161 0.723 0.044 0.058
0 0.175 0.755 0.034 0.042
0 0.2195 0.7405 0.035 0.039
0 0.103 0.213 0.008 0.008
0 0.108 0.2055 0.008 0.007
0 0.4085 0.3815 0.039 0.049
0 0.5295 0.385 0.047 0.032
0 0.5145 0.3155 0.031 0.037
0 0.495 0.3165 0.026 0.035
0 0.4745 0.321 0.019 0.024
0 0.7005 0.1435 0.021 0.035
0 0.6775 0.1455 0.021 0.033
0 0.628 0.1055 0.052 0.073
0 0.8835 0.2885 0.025 0.043
0 0.38 0.6525 0.052 0.053
0 0.8095 0.449 0.019 0.018
0 0.7675 0.6865 0.021 0.021
0 0.771 0.9855 0.014 0.023
0 0.925 0.926 0.016 0.016
0 0.924 0.8075 0.01 0.019
0 0.8845 0.3465 0.013 0.015
0 0.8985 0.336 0.013 0.014
0 0.888 0.334 0.018 0.014
0 0.905 0.2905 0.016 0.017
0 0.9275 0.3 0.013 0.012
0 0.94 0.31 0.018 0.01
0 0.9735 0.3105 0.019 0.017
0 0.9605 0.254 0.023 0.026
0 0.8195 0.046 0.013 0.016
0 0.9055 0.066 0.019 0.024
0 0.9315 0.032 0.013 0.01
0 0.674 0.699 0.024 0.024
0 0.6345 0.669 0.031 0.03
0 0.6075 0.6765 0.019 0.015
0 0.655 0.592 0.028 0.018
0 0.6755 0.6015 0.027 0.019
0 0.6915 0.563 0.055 0.054
0 0.683 0.509 0.056 0.04
0 0.6095 0.456 0.055 0.038
0 0.702 0.2215 0.058 0.067
0 0.1215 0.7385 0.017 0.017
0 0.1135 0.7015 0.039 0.055
0 0.1315 0.663 0.033 0.04
0 0.141 0.642 0.03 0.048
0 0.181 0.548 0.034 0.044
0 0.26 0.4205 0.044 0.041
0 0.2655 0.2525 0.033 0.041
0 0.714 0.388 0.022 0.042
0 0.5365 0.347 0.033 0.034
0 0.5585 0.342 0.021 0.024
0 0.8185 0.4885 0.017 0.021
0 0.824 0.535 0.02 0.024
0 0.803 0.5285 0.02 0.029
0 0.7885 0.566 0.015 0.024
0 0.7585 0.5385 0.013 0.021
0 0.7575 0.5555 0.009 0.023
0 0.752 0.6115 0.01 0.009
0 0.0445 0.578 0.017 0.02
0 0.052 0.59 0.014 0.012
0 0.0525 0.6025 0.013 0.019
0 0.231 0.9175 0.032 0.037
0 0.259 0.9165 0.042 0.053
0 0.2185 0.56 0.025 0.056
0 0.037 0.626 0.014 0.032
0 0.197 0.669 0.03 0.026
0 0.3275 0.5705 0.023 0.037
0 0.465 0.3925 0.03 0.041
0 0.466 0.367 0.02 0.016
0 0.6165 0.2535 0.033 0.037
0 0.687 0.3585 0.042 0.029
0 0.803 0.349 0.02 0.034
0 0.72 0.4755 0.012 0.013
0 0.6255 0.629 0.063 0.042
0 0.73 0.683 0.03 0.028
0 0.794 0.623 0.02 0.022
0 0.795 0.4125 0.014 0.013
0 0.774 0.4725 0.012 0.013
0 0.7795 0.452 0.015 0.022
0 0.7605 0.3055 0.019 0.045
0 0.8535 0.461 0.015 0.018
0 0.8795 0.5145 0.019 0.017
0 0.5845 0.994 0.017 0.01
0 0.5485 0.4655 0.017 0.017
0 0.5285 0.4945 0.053 0.057
0 0.506 0.489 0.026 0.03
0 0.622 0.851 0.016 0.016
0 0.62 0.791 0.012 0.006
0 0.6665 0.756 0.015 0.022
0 0.6835 0.623 0.021 0.02
0 0.692 0.4725 0.038 0.035
0 0.655 0.4475 0.026 0.031
0 0.6245 0.3895 0.039 0.061
0 0.598 0.371 0.04 0.06
0 0.9675 0.3665 0.011 0.019
0 0.9825 0.3815 0.013 0.015
0 0.7555 0.931 0.017 0.014
0 0.08 0.9185 0.032 0.045
0 0.11 0.9285 0.034 0.035
0 0.0565 0.6595 0.017 0.027
0 0.408 0.2115 0.026 0.039
0 0.364 0.258 0.03 0.044
0 0.392 0.288 0.018 0.03
0 0.4335 0.248 0.025 0.034
0 0.4415 0.435 0.013 0.024
0 0.455 0.458 0.024 0.016
0 0.467 0.452 0.018 0.016
0 0.385 0.7635 0.058 0.041
0 0.168 0.965 0.014 0.022
0 0.317 0.9845 0.028 0.029
0 0.2975 0.9855 0.029 0.027
0 0.4095 0.9115 0.039 0.043
0 0.4885 0.863 0.041 0.036
0 0.2495 0.0565 0.019 0.017
0 0.272 0.041 0.024 0.014
0 0.286 0.032 0.018 0.01
0 0.3005 0.028 0.015 0.01
0 0.396 0.109 0.014 0.01
0 0.2295 0.108 0.027 0.024
0 0.15 0.185 0.012 0.012
0 0.004 0.1885 0.008 0.017
0 0.351 0.7235 0.028 0.041
0 0.3235 0.7235 0.021 0.025
0 0.3095 0.752 0.021 0.028
0 0.86 0.923 0.034 0.026
0 0.9355 0.9575 0.021 0.023
0 0.878 0.9825 0.03 0.031
0 0.823 0.9695 0.022 0.019
0 0.719 0.7945 0.01 0.009
0 0.922 0.5755 0.014 0.023
0 0.873 0.702 0.02 0.034
0 0.798 0.764 0.01 0.02
0 0.666 0.8935 0.036 0.013
0 0.677 0.8865 0.02 0.017
0 0.715 0.6605 0.026 0.021
0 0.727 0.6365 0.024 0.021
0 0.6215 0.494 0.033 0.042
0 0.7805 0.357 0.015 0.032
0 0.7915 0.4225 0.015 0.013
0 0.8045 0.0515 0.025 0.019
0 0.831 0.07 0.016 0.018
0 0.9365 0.09 0.011 0.014
0 0.9085 0.2115 0.015 0.025
0 0.9055 0.47 0.009 0.012
0 0.95 0.4765 0.018 0.031
0 0.958 0.458 0.018 0.02
0 0.8965 0.9195 0.011 0.017
0 0.947 0.86 0.022 0.024
0 0.96 0.839 0.012 0.012
0 0.9225 0.7505 0.011 0.011
0 0.944 0.781 0.014 0.014
0 0.939 0.7725 0.014 0.013
0 0.936 0.714 0.014 0.012
0 0.974 0.525 0.01 0.014
0 0.8395 0.2135 0.013 0.009
0 0.0285 0.8655 0.047 0.039
0 0.008 0.363 0.016 0.028
0 0.4335 0.137 0.027 0.012
0 0.956 0.6645 0.02 0.017
0 0.966 0.611 0.016 0.04
0 0.9755 0.58 0.027 0.026
0 0.0485 0.5105 0.027 0.037
0 0.931 0.2375 0.02 0.039
0 0.8975 0.2345 0.013 0.025
0 0.036 0.8165 0.04 0.053
0 0.78 0.0065 0.022 0.013
0 0.746 0.008 0.03 0.016
0 0.2105 0.9825 0.033 0.031
0 0.276 0.9905 0.044 0.015
0 0.9875 0.8445 0.007 0.007
0 0.991 0.024 0.014 0.02
0 0.365 0.0675 0.02 0.009
0 0.8255 0.9375 0.023 0.031
0 0.9605 0.9615 0.023 0.025
0 0.992 0.0525 0.012 0.011
0 0.996 0.0675 0.004 0.019
0 0.956 0.5875 0.022 0.027
0 0.9335 0.6365 0.017 0.035
0 0.938 0.6785 0.028 0.015
0 0.453 0.546 0.022 0.016
0 0.12 0.2425 0.018 0.021
