0 0.1055 0.3895 0.033 0.023
0 0.1395 0.3485 0.023 0.029
0 0.154 0.3335 0.018 0.021
0 0.2095 0.227 0.019 0.02
0 0.6255 0.937 0.027 0.03
0 0.5695 0.9155 0.027 0.031
0 0.515 0.02 0.016 0.036
0 0.5405 0.036 0.013 0.012
0 0.987 0.701 0.012 0.014
0 0.987 0.691 0.016 0.012
0 0.8415 0.246 0.019 0.026
0 0.805 0.285 0.024 0.016
0 0.79 0.2995 0.026 0.017
0 0.727 0.3795 0.032 0.027
0 0.68 0.3785 0.028 0.027
0 0.7055 0.371 0.029 0.016
0 0.2175 0.286 0.017 0.016
0 0.168 0.4435 0.016 0.015
0 0.1665 0.4565 0.015 0.017
0 0.2085 0.4785 0.021 0.021
0 0.244 0.3075 0.024 0.029
0 0.2415 0.2655 0.017 0.021
0 0.235 0.266 0.016 0.022
0 0.2615 0.328 0.019 0.028
0 0.278 0.3055 0.012 0.013
0 0.2335 0.4965 0.013 0.015
0 0.2415 0.489 0.009 0.02
0 0.5805 0.7765 0.019 0.029
0 0.6815 0.602 0.013 0.026
0 0.6865 0.4215 0.027 0.035
0 0.4255 0.4115 0.021 0.021
0 0.416 0.443 0.02 0.032
0 0.779 0.472 0.014 0.024
0 0.2995 0.297 0.013 0.018
0 0.128 0.319 0.016 0.02
0 0.176 0.251 0.018 0.024
0 0.2685 0.282 0.017 0.02
0 0.0925 0.4145 0.019 0.017
0 0.268 0.2545 0.012 0.017
0 0.2615 0.262 0.011 0.014
0 0.745 0.503 0.026 0.026
0 0.293 0.67 0.03 0.042
0 0.727 0.324 0.028 0.03
0 0.8985 0.2565 0.019 0.019
0 0.2035 0.009 0.033 0.018
0 0.073 0.4735 0.008 0.017
0 0.176 0.298 0.022 0.02
0 0.2785 0.322 0.013 0.012
0 0.2855 0.303 0.009 0.014
0 0.287 0.3185 0.01 0.015
0 0.299 0.3295 0.022 0.023
0 0.271 0.4225 0.022 0.029
0 0.2745 0.4665 0.015 0.019
0 0.218 0.484 0.022 0.02
0 0.2025 0.1765 0.019 0.015
0 0.737 0.195 0.014 0.02
0 0.801 0.327 0.018 0.032
0 0.7985 0.4385 0.021 0.029
0 0.609 0.6065 0.016 0.027
0 0.5865 0.5875 0.017 0.023
0 0.851 0.718 0.018 0.022
0 0.795 0.4795 0.018 0.035
0 0.778 0.507 0.012 0.028
0 0.6645 0.625 0.011 0.024
0 0.8705 0.3715 0.017 0.031
0 0.788 0.2675 0.016 0.015
0 0.578 0.6505 0.016 0.015
0 0.568 0.579 0.02 0.018
0 0.4545 0.2025 0.013 0.015
0 0.233 0.231 0.014 0.014
0 0.814 0.901 0.014 0.022
0 0.3305 0.723 0.017 0.018
0 0.937 0.5545 0.014 0.015
0 0.282 0.3925 0.016 0.019
0 0.864 0.915 0.018 0.022
0 0.648 0.981 0.034 0.032
0 0.6505 0.611 0.017 0.026
0 0.1 0.455 0.02 0.02
0 0.094 0.468 0.016 0.016
0 0.102 0.1785 0.008 0.011
0 0.8195 0.2555 0.025 0.029
0 0.6605 0.1275 0.015 0.019
0 0.131 0.4955 0.018 0.017
0 0.324 0.4165 0.016 0.033
0 0.287 0.4415 0.01 0.013
0 0.703 0.2835 0.016 0.021
0 0.293 0.424 0.016 0.016
0 0.4385 0.472 0.011 0.014
0 0.2275 0.8925 0.017 0.023
0 0.299 0.8355 0.014 0.015
0 0.6415 0.701 0.013 0.02
0 0.859 0.1605 0.014 0.015
0 0.989 0.035 0.02 0.01
0 0.9765 0.0425 0.017 0.013
0 0.7825 0.079 0.009 0.018
0 0.5655 0.604 0.017 0.018
0 0.859 0.226 0.018 0.022
0 0.522 0.4435 0.022 0.029
0 0.906 0.2775 0.018 0.017
0 0.768 0.4775 0.012 0.021
0 0.1175 0.513 0.021 0.014
0 0.825 0.2295 0.014 0.013
0 0.9045 0.233 0.015 0.014
0 0.7755 0.0605 0.009 0.009
0 0.1335 0.9785 0.015 0.013
0 0.614 0.788 0.01 0.012
0 0.869 0.0625 0.028 0.027
0 0.8365 0.436 0.021 0.034
0 0.0045 0.557 0.007 0.02
0 0.1645 0.01 0.021 0.02
0 0.929 0.099 0.024 0.032
0 0.943 0.118 0.012 0.024
0 0.676 0.748 0.03 0.036
0 0.451 0.506 0.032 0.024
0 0.4425 0.4245 0.013 0.013
0 0.007 0.726 0.012 0.028
0 0.6785 0.536 0.029 0.034
0 0.841 0.336 0.02 0.022
0 0.8405 0.3485 0.019 0.023
0 0.85 0.404 0.02 0.034
0 0.8265 0.4175 0.013 0.019
0 0.781 0.649 0.018 0.022
0 0.1835 0.835 0.035 0.03
0 0.635 0.584 0.02 0.022
0 0.5835 0.5525 0.029 0.033
0 0.61 0.203 0.04 0.032
0 0.684 0.5695 0.018 0.021
0 0.6455 0.6455 0.019 0.015
0 0.677 0.633 0.016 0.022
0 0.9805 0.38 0.025 0.03
0 0.968 0.618 0.014 0.024
0 0.9485 0.6225 0.017 0.021
0 0.88 0.3475 0.016 0.023
0 0.897 0.3035 0.028 0.023
0 0.6485 0.4635 0.027 0.035
0 0.2885 0.2795 0.017 0.019
0 0.707 0.0305 0.026 0.033
0 0.5645 0.2845 0.027 0.023
0 0.8135 0.443 0.017 0.026
0 0.597 0.53 0.026 0.03
0 0.595 0.5025 0.046 0.017
0 0.595 0.564 0.022 0.028
0 0.6145 0.432 0.023 0.022
0 0.6545 0.394 0.025 0.018
0 0.6425 0.406 0.029 0.022
0 0.6565 0.429 0.017 0.014
0 0.503 0.2905 0.024 0.023
0 0.226 0.093 0.03 0.028
0 0.0595 0.0615 0.041 0.025
0 0.1775 0.1355 0.033 0.033
0 0.101 0.3635 0.02 0.019
0 0.306 0.315 0.016 0.012
0 0.308 0.342 0.018 0.022
0 0.796 0.2585 0.026 0.019
0 0.954 0.161 0.02 0.02
0 0.851 0.2915 0.018 0.023
0 0.649 0.506 0.028 0.036
0 0.5495 0.6225 0.021 0.021
0 0.6955 0.62 0.017 0.026
0 0.631 0.6155 0.018 0.027
0 0.6055 0.3115 0.031 0.037
0 0.354 0.202 0.018 0.012
0 0.196 0.9735 0.028 0.013
0 0.1795 0.574 0.021 0.024
0 0.1485 0.622 0.029 0.038
0 0.2085 0.254 0.017 0.022
0 0.71 0.3385 0.028 0.029
0 0.191 0.2755 0.026 0.027
0 0.8355 0.962 0.009 0.018
0 0.905 0.992 0.008 0.014
0 0.7665 0.693 0.029 0.03
0 0.864 0.6395 0.05 0.037
0 0.8365 0.678 0.021 0.028
0 0.74 0.7555 0.036 0.041
0 0.588 0.9015 0.026 0.025
0 0.757 0.8995 0.028 0.045
0 0.92 0.816 0.022 0.046
0 0.984 0.82 0.028 0.048
0 0.974 0.866 0.026 0.026
0 0.9815 0.654 0.021 0.03
0 0.577 0.5225 0.028 0.023
0 0.5555 0.745 0.017 0.026
0 0.31 0.647 0.018 0.028
0 0.2265 0.166 0.023 0.02
0 0.2815 0.007 0.017 0.014
0 0.2935 0.025 0.023 0.032
0 0.3045 0.384 0.021 0.02
0 0.2585 0.4815 0.011 0.015
0 0.1845 0.4705 0.023 0.035
0 0.274 0.0135 0.02 0.019
0 0.6385 0.552 0.029 0.034
0 0.5825 0.62 0.019 0.022
0 0.707 0.59 0.022 0.038
0 0.7265 0.5815 0.019 0.033
0 0.8175 0.3725 0.011 0.027
0 0.2465 0.2405 0.021 0.019
0 0.2995 0.3655 0.019 0.017
0 0.9745 0.0785 0.031 0.031
0 0.5025 0.9895 0.017 0.015
0 0.0815 0.4325 0.021 0.019
0 0.1065 0.4135 0.019 0.015
0 0.1135 0.4255 0.023 0.019
0 0.419 0.3105 0.018 0.025
0 0.7005 0.562 0.015 0.014
0 0.6675 0.5695 0.019 0.021
0 0.509 0.122 0.014 0.014
0 0.0945 0.7685 0.021 0.019
0 0.8525 0.1325 0.025 0.023
0 0.4635 0.6795 0.021 0.033
0 0.4755 0.679 0.023 0.048
0 0.2515 0.471 0.013 0.012
0 0.3415 0.6255 0.031 0.023
0 0.405 0.7975 0.014 0.027
0 0.028 0.113 0.022 0.02
0 0.8075 0.828 0.029 0.032
0 0.6555 0.166 0.011 0.014
0 0.6715 0.4745 0.021 0.023
0 0.153 0.497 0.018 0.02
0 0.4245 0.281 0.019 0.026
0 0.133 0.52 0.02 0.022
0 0.6335 0.6325 0.017 0.013
0 0.306 0.98 0.022 0.032
0 0.3195 0.0345 0.011 0.015
0 0.148 0.5145 0.016 0.025
0 0.6135 0.5395 0.023 0.029
0 0.1785 0.3095 0.031 0.029
0 0.494 0.665 0.022 0.048
0 0.504 0.2585 0.026 0.021
0 0.589 0.226 0.018 0.024
0 0.604 0.234 0.022 0.026
0 0.883 0.2545 0.014 0.013
0 0.883 0.27 0.018 0.016
0 0.8835 0.292 0.021 0.032
0 0.8385 0.2225 0.015 0.013
0 0.8835 0.2385 0.015 0.019
0 0.867 0.2565 0.016 0.019
0 0.856 0.249 0.02 0.022
0 0.1975 0.5025 0.029 0.011
0 0.199 0.512 0.024 0.012
0 0.1745 0.513 0.029 0.024
0 0.8625 0.7475 0.021 0.013
0 0.9415 0.4125 0.015 0.021
0 0.8865 0.3345 0.025 0.025
0 0.4665 0.1945 0.015 0.021
0 0.3045 0.104 0.015 0.034
0 0.406 0.023 0.01 0.012
0 0.549 0.085 0.022 0.032
0 0.5295 0.103 0.019 0.024
0 0.69 0.1975 0.016 0.031
0 0.613 0.274 0.026 0.022
0 0.37 0.514 0.026 0.028
0 0.2495 0.602 0.031 0.03
0 0.197 0.64 0.024 0.016
0 0.09 0.339 0.022 0.026
0 0.156 0.423 0.022 0.026
0 0.1385 0.4395 0.017 0.019
0 0.0305 0.3925 0.029 0.027
0 0.7425 0.2915 0.025 0.019
0 0.4345 0.828 0.019 0.024
0 0.3025 0.724 0.021 0.026
0 0.186 0.7805 0.026 0.015
0 0.2075 0.777 0.021 0.016
0 0.011 0.792 0.022 0.032
0 0.4555 0.9285 0.015 0.013
0 0.6205 0.9715 0.039 0.031
0 0.679 0.953 0.03 0.038
0 0.784 0.8595 0.016 0.023
0 0.878 0.8095 0.012 0.027
0 0.8265 0.754 0.023 0.022
0 0.8825 0.738 0.017 0.014
0 0.5985 0.4815 0.019 0.017
0 0.7685 0.2795 0.031 0.025
0 0.751 0.316 0.02 0.02
0 0.7915 0.9335 0.017 0.025
0 0.6555 0.808 0.027 0.032
0 0.088 0.489 0.014 0.018
0 0.07 0.4925 0.012 0.017
0 0.0055 0.5075 0.009 0.017
0 0.732 0.3525 0.02 0.017
0 0.14 0.293 0.028 0.034
0 0.1575 0.2745 0.019 0.039
0 0.272 0.3465 0.022 0.027
0 0.2985 0.4055 0.019 0.015
0 0.112 0.488 0.022 0.02
0 0.095 0.5405 0.022 0.019
0 0.125 0.5535 0.026 0.013
0 0.067 0.5725 0.032 0.019
0 0.6145 0.5775 0.015 0.027
0 0.8585 0.8825 0.013 0.019
0 0.699 0.984 0.022 0.028
0 0.6095 0.8675 0.027 0.029
0 0.6105 0.884 0.017 0.028
0 0.648 0.861 0.03 0.038
0 0.6145 0.822 0.023 0.02
0 0.646 0.7365 0.044 0.031
0 0.6195 0.6595 0.021 0.023
0 0.609 0.6395 0.02 0.021
0 0.6735 0.5975 0.019 0.019
0 0.7415 0.548 0.019 0.03
0 0.744 0.566 0.016 0.022
0 0.7635 0.5505 0.015 0.021
0 0.7585 0.5305 0.017 0.031
0 0.714 0.5225 0.032 0.025
0 0.5975 0.4565 0.011 0.019
0 0.525 0.374 0.018 0.024
0 0.4135 0.3455 0.019 0.021
0 0.434 0.3505 0.026 0.041
0 0.409 0.2065 0.026 0.025
0 0.4485 0.2785 0.009 0.025
0 0.41 0.26 0.01 0.022
0 0.433 0.251 0.012 0.028
0 0.3845 0.2485 0.019 0.019
0 0.284 0.223 0.026 0.036
0 0.065 0.8825 0.038 0.019
0 0.3215 0.9535 0.017 0.019
0 0.237 0.955 0.026 0.028
0 0.048 0.7315 0.026 0.023
0 0.0965 0.312 0.023 0.02
0 0.137 0.46 0.028 0.03
0 0.879 0.9525 0.012 0.021
0 0.5945 0.668 0.015 0.02
0 0.8105 0.3095 0.021 0.023
0 0.3135 0.8585 0.019 0.017
0 0.3585 0.346 0.011 0.02
0 0.478 0.478 0.016 0.02
0 0.99 0.1025 0.016 0.025
0 0.992 0.5215 0.014 0.025
0 0.42 0.8815 0.036 0.055
