0 0.078 0.941 0.036 0.028
0 0.078 0.903 0.032 0.024
0 0.1175 0.988 0.031 0.022
0 0.076 0.9655 0.034 0.025
0 0.2285 0.9805 0.029 0.037
0 0.341 0.7655 0.03 0.017
0 0.284 0.8095 0.028 0.027
0 0.3 0.813 0.032 0.028
0 0.319 0.846 0.032 0.032
0 0.331 0.9845 0.02 0.023
0 0.328 0.9395 0.034 0.031
0 0.3385 0.902 0.023 0.032
0 0.39 0.818 0.026 0.022
0 0.513 0.8195 0.028 0.027
0 0.557 0.7895 0.032 0.029
0 0.5325 0.8105 0.039 0.029
0 0.566 0.757 0.032 0.04
0 0.6125 0.7755 0.037 0.029
0 0.604 0.8095 0.036 0.027
0 0.5275 0.857 0.029 0.036
0 0.4955 0.8955 0.033 0.031
0 0.6825 0.78 0.027 0.026
0 0.6645 0.929 0.027 0.026
0 0.727 0.8925 0.028 0.025
0 0.737 0.772 0.034 0.022
0 0.719 0.784 0.02 0.024
0 0.8605 0.919 0.025 0.028
0 0.856 0.805 0.024 0.032
0 0.583 0.8945 0.026 0.021
0 0.592 0.917 0.028 0.02
0 0.613 0.894 0.028 0.034
0 0.634 0.8835 0.038 0.029
0 0.699 0.8585 0.022 0.015
0 0.8595 0.848 0.029 0.032
0 0.248 0.721 0.022 0.016
0 0.174 0.7825 0.018 0.017
0 0.2585 0.838 0.027 0.014
0 0.4085 0.82 0.017 0.032
0 0.4625 0.788 0.037 0.038
0 0.694 0.9195 0.034 0.041
0 0.6225 0.9375 0.025 0.019
0 0.948 0.876 0.034 0.03
0 0.958 0.911 0.036 0.03
0 0.988 0.8355 0.022 0.021
0 0.8815 0.77 0.035 0.022
0 0.9355 0.7155 0.031 0.031
0 0.8645 0.768 0.027 0.028
0 0.9675 0.6755 0.027 0.033
0 0.9755 0.6385 0.033 0.027
0 0.5875 0.471 0.019 0.024
0 0.6215 0.5055 0.027 0.037
0 0.5925 0.4995 0.033 0.025
0 0.5885 0.5365 0.023 0.027
0 0.614 0.536 0.024 0.022
0 0.486 0.563 0.016 0.016
0 0.6425 0.5825 0.021 0.017
0 0.8155 0.849 0.029 0.032
0 0.7735 0.726 0.031 0.024
0 0.9125 0.6645 0.029 0.023
0 0.769 0.684 0.032 0.03
0 0.764 0.646 0.03 0.034
0 0.5955 0.696 0.029 0.038
0 0.363 0.655 0.018 0.02
0 0.431 0.6335 0.02 0.019
0 0.204 0.6685 0.022 0.021
0 0.0815 0.5835 0.027 0.015
0 0.2485 0.6805 0.037 0.027
0 0.2225 0.6955 0.033 0.029
0 0.2705 0.6295 0.031 0.017
0 0.192 0.5315 0.02 0.023
0 0.117 0.4905 0.014 0.017
0 0.3495 0.3665 0.023 0.017
0 0.07 0.4335 0.04 0.023
0 0.0945 0.425 0.035 0.026
0 0.088 0.4705 0.03 0.033
0 0.0625 0.461 0.033 0.022
0 0.0685 0.479 0.031 0.024
0 0.105 0.516 0.022 0.024
0 0.0855 0.6605 0.015 0.013
0 0.1085 0.679 0.017 0.024
0 0.231 0.536 0.024 0.024
0 0.45 0.5535 0.032 0.023
0 0.4075 0.594 0.019 0.018
0 0.379 0.55 0.024 0.022
0 0.4095 0.536 0.023 0.024
0 0.4095 0.46 0.029 0.026
0 0.9555 0.85 0.041 0.028
0 0.961 0.821 0.028 0.03
0 0.98 0.704 0.028 0.024
0 0.7465 0.495 0.029 0.032
0 0.8705 0.4255 0.025 0.025
0 0.8375 0.4325 0.027 0.033
0 0.8115 0.444 0.027 0.028
0 0.9835 0.297 0.025 0.024
0 0.9835 0.338 0.023 0.022
0 0.9725 0.3705 0.025 0.029
0 0.817 0.2435 0.034 0.023
0 0.8245 0.2625 0.027 0.021
0 0.9635 0.2035 0.025 0.029
0 0.9845 0.23 0.023 0.024
0 0.682 0.509 0.03 0.03
0 0.6675 0.54 0.025 0.03
0 0.683 0.5565 0.022 0.017
0 0.7305 0.4355 0.027 0.033
0 0.6495 0.2385 0.027 0.023
0 0.659 0.245 0.022 0.018
0 0.554 0.241 0.03 0.034
0 0.3345 0.3085 0.035 0.029
0 0.38 0.3165 0.05 0.023
0 0.518 0.2395 0.036 0.029
0 0.4835 0.2455 0.027 0.033
0 0.4435 0.2535 0.025 0.037
0 0.0245 0.1245 0.033 0.019
0 0.1315 0.155 0.017 0.028
0 0.1995 0.078 0.031 0.026
0 0.0635 0.1395 0.029 0.021
0 0.3645 0.0915 0.033 0.029
0 0.39 0.036 0.02 0.024
0 0.3565 0.5085 0.037 0.025
0 0.2665 0.526 0.029 0.02
0 0.2045 0.507 0.027 0.024
0 0.303 0.5835 0.022 0.021
0 0.2785 0.7715 0.037 0.033
0 0.3245 0.633 0.017 0.022
0 0.3645 0.6815 0.023 0.015
0 0.2975 0.6385 0.027 0.013
0 0.6395 0.6885 0.027 0.027
0 0.6425 0.65 0.033 0.032
0 0.6265 0.718 0.033 0.032
0 0.62 0.683 0.024 0.026
0 0.759 0.863 0.042 0.026
0 0.0515 0.1735 0.033 0.025
0 0.025 0.1735 0.03 0.021
0 0.339 0.1415 0.026 0.025
0 0.494 0.0905 0.032 0.021
0 0.5135 0.1395 0.031 0.023
0 0.5135 0.1145 0.029 0.021
0 0.5405 0.096 0.051 0.032
0 0.5525 0.064 0.027 0.018
0 0.399 0.1305 0.026 0.029
0 0.4275 0.138 0.029 0.03
0 0.8245 0.111 0.031 0.034
0 0.7855 0.1035 0.031 0.017
0 0.7885 0.119 0.031 0.02
0 0.9755 0.067 0.037 0.036
0 0.9635 0.096 0.033 0.032
0 0.953 0.1375 0.038 0.023
0 0.9745 0.1315 0.029 0.027
0 0.891 0.031 0.024 0.024
0 0.4 0.2655 0.026 0.025
0 0.741 0.258 0.022 0.028
0 0.9015 0.2915 0.031 0.023
0 0.567 0.5865 0.026 0.021
0 0.4245 0.726 0.031 0.032
0 0.4545 0.721 0.035 0.032
0 0.477 0.712 0.028 0.028
0 0.3435 0.859 0.025 0.022
0 0.385 0.696 0.03 0.026
0 0.428 0.7625 0.032 0.027
0 0.7855 0.315 0.021 0.024
0 0.1565 0.663 0.023 0.032
0 0.231 0.4245 0.018 0.015
0 0.599 0.436 0.03 0.012
0 0.7055 0.2345 0.019 0.017
0 0.911 0.137 0.024 0.028
0 0.916 0.167 0.022 0.014
0 0.2135 0.4535 0.035 0.021
0 0.2245 0.481 0.023 0.028
0 0.469 0.305 0.028 0.02
0 0.737 0.9405 0.038 0.031
0 0.4375 0.701 0.029 0.022
0 0.4795 0.1285 0.025 0.031
0 0.8655 0.0125 0.031 0.013
0 0.6965 0.0765 0.031 0.023
0 0.8825 0.1005 0.035 0.031
0 0.8445 0.2915 0.021 0.021
0 0.669 0.3155 0.03 0.025
0 0.6885 0.7025 0.039 0.023
0 0.7255 0.8045 0.025 0.023
0 0.8515 0.566 0.017 0.01
0 0.846 0.4835 0.016 0.029
0 0.908 0.6135 0.02 0.019
0 0.0255 0.54 0.021 0.016
0 0.1175 0.54 0.027 0.02
0 0.0095 0.5355 0.019 0.017
0 0.0115 0.553 0.023 0.024
0 0.6805 0.236 0.025 0.03
0 0.7965 0.252 0.029 0.026
0 0.9895 0.3165 0.019 0.019
0 0.8135 0.428 0.027 0.026
0 0.621 0.398 0.022 0.026
0 0.915 0.9165 0.016 0.031
0 0.884 0.98 0.038 0.038
0 0.7765 0.9855 0.023 0.023
0 0.7835 0.811 0.021 0.022
0 0.7305 0.705 0.025 0.03
0 0.7945 0.74 0.023 0.028
0 0.6755 0.5945 0.023 0.019
0 0.6895 0.609 0.017 0.016
0 0.679 0.646 0.022 0.032
0 0.6615 0.6705 0.025 0.027
0 0.4285 0.613 0.023 0.016
0 0.8245 0.5455 0.031 0.039
0 0.499 0.5495 0.016 0.015
0 0.453 0.525 0.024 0.028
0 0.4855 0.609 0.017 0.016
0 0.4505 0.6535 0.009 0.009
0 0.5085 0.6565 0.023 0.021
0 0.1725 0.623 0.029 0.03
0 0.233 0.6265 0.024 0.025
0 0.1725 0.576 0.021 0.02
0 0.0145 0.59 0.029 0.034
0 0.1215 0.4095 0.021 0.025
0 0.0915 0.243 0.029 0.016
0 0.078 0.1605 0.026 0.019
0 0.094 0.1315 0.024 0.021
0 0.1005 0.1565 0.035 0.031
0 0.484 0.1005 0.032 0.021
0 0.632 0.046 0.02 0.014
0 0.539 0.0465 0.026 0.019
0 0.6255 0.076 0.035 0.032
0 0.697 0.1335 0.024 0.027
0 0.808 0.085 0.03 0.03
0 0.7165 0.136 0.029 0.022
0 0.944 0.238 0.026 0.026
0 0.8775 0.231 0.035 0.016
0 0.8505 0.316 0.027 0.012
0 0.8005 0.362 0.031 0.026
0 0.8885 0.544 0.035 0.018
0 0.531 0.542 0.02 0.016
0 0.743 0.555 0.032 0.02
0 0.7835 0.596 0.023 0.026
0 0.733 0.5895 0.03 0.021
0 0.5225 0.7565 0.017 0.041
0 0.496 0.772 0.022 0.038
0 0.507 0.773 0.012 0.03
0 0.3605 0.9235 0.019 0.027
0 0.424 0.9135 0.028 0.029
0 0.3175 0.963 0.023 0.02
0 0.405 0.99 0.016 0.018
0 0.3455 0.984 0.005 0.002
0 0.3325 0.7455 0.019 0.015
0 0.2415 0.794 0.025 0.032
0 0.1075 0.8245 0.021 0.019
0 0.018 0.763 0.036 0.03
0 0.1205 0.6515 0.019 0.019
0 0.1345 0.701 0.021 0.016
0 0.227 0.6505 0.014 0.011
0 0.296 0.653 0.022 0.01
0 0.342 0.647 0.024 0.014
0 0.255 0.4365 0.022 0.015
0 0.387 0.4655 0.018 0.021
0 0.3625 0.4695 0.019 0.025
0 0.595 0.235 0.032 0.032
0 0.623 0.21 0.024 0.026
0 0.7565 0.225 0.027 0.02
0 0.64 0.1525 0.044 0.015
0 0.9675 0.5485 0.019 0.019
0 0.9115 0.522 0.031 0.014
0 0.8705 0.52 0.029 0.02
0 0.773 0.757 0.012 0.012
0 0.079 0.732 0.024 0.044
0 0.0085 0.302 0.015 0.01
0 0.4335 0.2955 0.035 0.011
0 0.356 0.6205 0.03 0.027
0 0.4055 0.6225 0.019 0.013
0 0.4025 0.6415 0.019 0.015
0 0.3825 0.626 0.015 0.018
0 0.3785 0.598 0.031 0.024
0 0.0355 0.302 0.017 0.012
0 0.078 0.2975 0.034 0.015
0 0.115 0.289 0.018 0.016
0 0.1105 0.325 0.027 0.016
0 0.1485 0.346 0.025 0.012
0 0.185 0.346 0.024 0.014
0 0.2285 0.393 0.015 0.014
0 0.0215 0.4085 0.039 0.035
0 0.0595 0.408 0.031 0.022
0 0.0175 0.475 0.025 0.036
0 0.093 0.503 0.018 0.012
0 0.1645 0.843 0.019 0.012
0 0.1675 0.829 0.043 0.014
0 0.2555 0.764 0.029 0.034
0 0.298 0.8835 0.032 0.023
0 0.312 0.9065 0.024 0.023
0 0.4255 0.935 0.045 0.026
0 0.4505 0.877 0.033 0.038
0 0.629 0.919 0.024 0.022
0 0.651 0.7685 0.026 0.033
0 0.57 0.6665 0.014 0.013
0 0.552 0.6905 0.03 0.025
0 0.5285 0.6715 0.029 0.031
0 0.547 0.636 0.03 0.02
0 0.449 0.606 0.026 0.022
0 0.4355 0.584 0.017 0.016
0 0.328 0.5995 0.046 0.035
0 0.3795 0.5755 0.027 0.017
0 0.3455 0.569 0.019 0.018
0 0.279 0.5885 0.02 0.013
0 0.285 0.5405 0.028 0.021
0 0.316 0.5345 0.032 0.031
0 0.2715 0.4775 0.049 0.025
0 0.234 0.445 0.028 0.022
0 0.1465 0.38 0.015 0.014
0 0.1725 0.374 0.033 0.022
0 0.0685 0.327 0.027 0.01
0 0.0525 0.3565 0.013 0.013
0 0.6935 0.531 0.027 0.032
0 0.724 0.5455 0.032 0.029
0 0.7295 0.6355 0.027 0.031
0 0.7035 0.6685 0.031 0.031
0 0.7265 0.6585 0.015 0.013
0 0.093 0.048 0.03 0.014
0 0.152 0.0875 0.024 0.021
0 0.152 0.0685 0.012 0.009
0 0.185 0.087 0.028 0.022
0 0.305 0.199 0.042 0.018
0 0.1845 0.138 0.027 0.02
0 0.204 0.1295 0.018 0.027
0 0.24 0.1535 0.024 0.023
0 0.232 0.17 0.02 0.016
0 0.0725 0.625 0.049 0.038
0 0.2145 0.9705 0.029 0.027
0 0.2145 0.9005 0.031 0.019
0 0.2695 0.958 0.017 0.024
0 0.4775 0.931 0.043 0.024
0 0.539 0.924 0.028 0.044
0 0.65 0.8115 0.016 0.031
0 0.675 0.8105 0.018 0.025
0 0.863 0.961 0.028 0.024
0 0.8885 0.8725 0.015 0.021
0 0.856 0.8845 0.03 0.027
0 0.9825 0.9335 0.025 0.017
0 0.888 0.8005 0.02 0.017
0 0.89 0.743 0.028 0.022
0 0.869 0.7 0.026 0.024
0 0.905 0.6905 0.036 0.021
0 0.8395 0.6 0.035 0.02
0 0.8165 0.779 0.017 0.02
0 0.8805 0.641 0.027 0.026
0 0.811 0.6195 0.028 0.021
0 0.815 0.646 0.034 0.032
0 0.533 0.603 0.042 0.038
0 0.8915 0.1315 0.013 0.015
0 0.8425 0.0685 0.039 0.033
0 0.8265 0.021 0.049 0.024
0 0.9255 0.323 0.051 0.026
0 0.926 0.3825 0.07 0.029
0 0.7465 0.391 0.021 0.018
0 0.775 0.8395 0.026 0.023
0 0.683 0.837 0.028 0.024
0 0.604 0.864 0.05 0.026
0 0.966 0.4895 0.062 0.021
0 0.3165 0.695 0.039 0.06
0 0.0245 0.91 0.023 0.014
0 0.041 0.781 0.022 0.018
0 0.078 0.116 0.062 0.016
0 0.268 0.144 0.032 0.05
0 0.2485 0.072 0.025 0.018
0 0.267 0.0905 0.028 0.023
0 0.2555 0.1175 0.025 0.015
0 0.335 0.065 0.044 0.02
0 0.5805 0.137 0.049 0.018
0 0.537 0.1405 0.028 0.021
0 0.565 0.0515 0.012 0.009
0 0.534 0.969 0.04 0.032
0 0.493 0.967 0.034 0.018
0 0.1335 0.5995 0.045 0.025
0 0.132 0.576 0.046 0.014
0 0.1045 0.551 0.065 0.024
0 0.2395 0.3675 0.019 0.017
0 0.483 0.517 0.026 0.028
0 0.4835 0.4555 0.021 0.027
0 0.607 0.481 0.03 0.02
0 0.864 0.628 0.02 0.03
0 0.851 0.659 0.022 0.024
0 0.928 0.627 0.012 0.02
0 0.428 0.5185 0.018 0.017
0 0.4415 0.4765 0.035 0.021
0 0.412 0.488 0.032 0.024
0 0.281 0.455 0.038 0.018
0 0.259 0.509 0.03 0.012
0 0.311 0.471 0.024 0.016
0 0.5055 0.4765 0.019 0.015
0 0.4115 0.5695 0.023 0.021
0 0.426 0.5895 0.012 0.013
0 0.4545 0.5025 0.021 0.015
0 0.5895 0.514 0.023 0.02
0 0.5665 0.479 0.023 0.026
0 0.525 0.455 0.04 0.02
0 0.5625 0.419 0.029 0.016
0 0.6475 0.3915 0.029 0.027
0 0.7695 0.418 0.039 0.032
0 0.7355 0.417 0.023 0.026
0 0.773 0.4465 0.028 0.019
0 0.752 0.466 0.024 0.016
0 0.6815 0.4815 0.025 0.027
0 0.7035 0.4215 0.025 0.021
0 0.5975 0.052 0.037 0.02
0 0.6645 0.095 0.025 0.032
0 0.7195 0.0825 0.025 0.025
0 0.762 0.08 0.03 0.022
0 0.779 0.058 0.038 0.022
0 0.776 0.0405 0.03 0.019
0 0.603 0.087 0.022 0.02
0 0.612 0.1235 0.03 0.029
0 0.6735 0.1325 0.019 0.029
0 0.6425 0.1255 0.021 0.027
0 0.684 0.045 0.026 0.022
0 0.733 0.02 0.032 0.026
0 0.668 0.027 0.032 0.022
0 0.1315 0.1275 0.027 0.017
0 0.154 0.157 0.024 0.024
0 0.1725 0.164 0.021 0.024
0 0.252 0.182 0.02 0.024
0 0.2945 0.159 0.031 0.028
0 0.3045 0.131 0.025 0.026
0 0.335 0.121 0.034 0.022
0 0.2875 0.0725 0.027 0.027
0 0.3015 0.097 0.021 0.018
0 0.3175 0.0445 0.029 0.021
0 0.38 0.0615 0.028 0.019
0 0.423 0.0705 0.036 0.017
0 0.4565 0.145 0.025 0.016
0 0.3975 0.152 0.031 0.028
0 0.4195 0.1015 0.019 0.019
0 0.3665 0.1205 0.025 0.021
0 0.3765 0.1435 0.021 0.019
0 0.652 0.48 0.024 0.026
0 0.7345 0.992 0.031 0.014
0 0.7435 0.983 0.025 0.03
0 0.9825 0.796 0.033 0.022
0 0.989 0.758 0.02 0.02
