0 0.3375 0.5155 0.035 0.013
0 0.2175 0.8 0.023 0.042
0 0.437 0.8715 0.014 0.033
0 0.32 0.3565 0.018 0.017
0 0.072 0.327 0.018 0.016
0 0.5195 0.6765 0.025 0.029
0 0.572 0.57 0.038 0.022
0 0.487 0.568 0.046 0.032
0 0.469 0.59 0.044 0.03
0 0.5395 0.6505 0.033 0.039
0 0.717 0.696 0.032 0.028
0 0.742 0.684 0.036 0.028
0 0.605 0.5875 0.044 0.027
0 0.8565 0.616 0.027 0.018
0 0.65 0.5975 0.032 0.025
0 0.659 0.582 0.024 0.02
0 0.473 0.676 0.028 0.022
0 0.124 0.388 0.018 0.04
0 0.0795 0.495 0.033 0.032
0 0.141 0.966 0.024 0.024
0 0.6565 0.7695 0.051 0.021
0 0.055 0.934 0.024 0.036
0 0.2885 0.787 0.015 0.016
0 0.5935 0.48 0.021 0.024
0 0.585 0.6465 0.042 0.033
0 0.6425 0.688 0.051 0.026
0 0.5615 0.4515 0.023 0.015
0 0.2355 0.8515 0.019 0.023
0 0.7765 0.141 0.019 0.018
0 0.812 0.0875 0.03 0.035
0 0.8255 0.0905 0.023 0.027
0 0.422 0.3055 0.022 0.021
0 0.4005 0.2825 0.019 0.025
0 0.321 0.0435 0.034 0.023
0 0.2495 0.6285 0.015 0.023
0 0.4535 0.363 0.025 0.028
0 0.5725 0.3745 0.023 0.013
0 0.762 0.0335 0.038 0.029
0 0.729 0.383 0.018 0.038
0 0.716 0.4345 0.024 0.029
0 0.6335 0.3935 0.021 0.021
0 0.6185 0.396 0.019 0.016
0 0.645 0.077 0.028 0.058
0 0.66 0.085 0.022 0.046
0 0.974 0.0215 0.03 0.039
0 0.1705 0.2715 0.023 0.035
0 0.2165 0.348 0.023 0.03
0 0.5745 0.6115 0.047 0.033
0 0.8275 0.67 0.025 0.022
0 0.84 0.3065 0.02 0.019
0 0.1955 0.278 0.015 0.016
0 0.2405 0.391 0.021 0.042
0 0.0545 0.385 0.017 0.022
0 0.057 0.313 0.03 0.018
0 0.031 0.2925 0.028 0.021
0 0.3195 0.4285 0.021 0.047
0 0.3405 0.4145 0.017 0.021
0 0.342 0.443 0.02 0.032
0 0.2345 0.4445 0.021 0.017
0 0.08 0.3735 0.018 0.019
0 0.0805 0.9135 0.019 0.021
0 0.072 0.9815 0.02 0.019
0 0.986 0.2925 0.024 0.017
0 0.569 0.6705 0.034 0.027
0 0.4745 0.651 0.039 0.024
0 0.9355 0.7435 0.013 0.027
0 0.6715 0.6455 0.031 0.019
0 0.788 0.888 0.046 0.034
0 0.8665 0.8935 0.043 0.031
0 0.587 0.505 0.02 0.02
0 0.9035 0.5695 0.019 0.027
0 0.2275 0.067 0.039 0.046
0 0.382 0.788 0.022 0.022
0 0.412 0.822 0.026 0.026
0 0.01 0.9265 0.018 0.025
0 0.017 0.895 0.024 0.022
0 0.5735 0.4905 0.013 0.027
0 0.611 0.465 0.014 0.034
0 0.2075 0.2465 0.017 0.017
0 0.8145 0.3865 0.015 0.031
0 0.2165 0.5405 0.049 0.027
0 0.1895 0.668 0.017 0.014
0 0.151 0.942 0.018 0.03
0 0.1245 0.929 0.033 0.028
0 0.092 0.92 0.03 0.032
0 0.1145 0.974 0.013 0.018
0 0.304 0.59 0.034 0.018
0 0.4675 0.621 0.021 0.02
0 0.454 0.7335 0.012 0.011
0 0.3745 0.7655 0.017 0.011
0 0.2495 0.6495 0.011 0.017
0 0.0125 0.4295 0.023 0.043
0 0.768 0.6565 0.032 0.027
0 0.7295 0.6475 0.035 0.035
0 0.4385 0.9405 0.013 0.015
0 0.4885 0.867 0.021 0.024
0 0.532 0.8055 0.022 0.019
0 0.8615 0.671 0.027 0.016
0 0.9765 0.8375 0.023 0.023
0 0.445 0.4035 0.028 0.027
0 0.7595 0.7585 0.041 0.023
0 0.435 0.7685 0.018 0.015
0 0.988 0.703 0.014 0.02
0 0.9635 0.808 0.027 0.018
0 0.674 0.8475 0.028 0.019
0 0.8305 0.7655 0.021 0.025
0 0.988 0.4135 0.022 0.053
0 0.276 0.8135 0.018 0.011
0 0.4865 0.3985 0.017 0.013
0 0.3665 0.759 0.013 0.016
0 0.399 0.688 0.014 0.024
0 0.3675 0.7995 0.023 0.017
0 0.385 0.1025 0.012 0.021
0 0.373 0.1465 0.042 0.025
0 0.943 0.222 0.034 0.042
0 0.8085 0.2515 0.023 0.021
0 0.8145 0.272 0.021 0.022
0 0.801 0.2815 0.028 0.037
0 0.717 0.3025 0.02 0.039
0 0.68 0.3225 0.026 0.021
0 0.628 0.3385 0.024 0.027
0 0.5095 0.455 0.019 0.03
0 0.293 0.5305 0.018 0.017
0 0.1475 0.594 0.025 0.058
0 0.1175 0.5935 0.021 0.031
0 0.101 0.6095 0.02 0.023
0 0.0535 0.547 0.031 0.026
0 0.198 0.57 0.028 0.018
0 0.7585 0.84 0.031 0.024
0 0.6165 0.9595 0.027 0.021
0 0.5685 0.982 0.017 0.016
0 0.3645 0.9135 0.037 0.039
0 0.3265 0.9075 0.021 0.025
0 0.436 0.9145 0.016 0.017
0 0.2815 0.625 0.027 0.026
0 0.2635 0.7015 0.017 0.019
0 0.287 0.717 0.016 0.016
0 0.193 0.413 0.016 0.04
0 0.18 0.8125 0.036 0.021
0 0.0915 0.728 0.017 0.024
0 0.8725 0.256 0.057 0.042
0 0.864 0.2965 0.028 0.021
0 0.9025 0.0075 0.025 0.013
0 0.5295 0.021 0.037 0.04
0 0.714 0.042 0.016 0.032
0 0.278 0.9575 0.032 0.045
0 0.2005 0.9555 0.027 0.031
0 0.366 0.8505 0.032 0.021
0 0.273 0.654 0.02 0.016
0 0.2725 0.678 0.023 0.014
0 0.348 0.2685 0.034 0.045
0 0.6405 0.6285 0.033 0.031
0 0.502 0.6595 0.022 0.027
0 0.26 0.388 0.01 0.046
0 0.209 0.0075 0.03 0.013
0 0.296 0.0065 0.026 0.011
0 0.405 0.9895 0.044 0.019
0 0.431 0.962 0.026 0.022
0 0.5075 0.927 0.023 0.018
0 0.5285 0.9165 0.029 0.019
0 0.505 0.995 0.026 0.008
0 0.398 0.623 0.032 0.024
0 0.7855 0.937 0.029 0.044
0 0.191 0.04 0.034 0.058
0 0.4525 0.0255 0.047 0.051
0 0.883 0.6855 0.018 0.021
0 0.4025 0.597 0.039 0.028
0 0.3125 0.6235 0.027 0.029
0 0.1625 0.788 0.023 0.024
0 0.2395 0.4235 0.017 0.019
0 0.866 0.3945 0.016 0.013
0 0.173 0.1765 0.018 0.019
0 0.0775 0.242 0.017 0.026
0 0.1015 0.4545 0.025 0.035
0 0.922 0.4325 0.024 0.019
0 0.8115 0.7525 0.027 0.025
0 0.402 0.7505 0.026 0.031
0 0.412 0.725 0.02 0.02
0 0.337 0.7585 0.02 0.019
0 0.7995 0.732 0.043 0.024
0 0.252 0.7635 0.018 0.023
0 0.1715 0.709 0.017 0.034
0 0.1925 0.7675 0.039 0.027
0 0.2175 0.9285 0.013 0.021
0 0.098 0.96 0.024 0.018
0 0.7585 0.5875 0.023 0.023
0 0.2685 0.6035 0.033 0.019
0 0.58 0.4655 0.012 0.017
0 0.611 0.8215 0.02 0.021
0 0.633 0.848 0.014 0.012
0 0.651 0.8435 0.022 0.017
0 0.41 0.795 0.028 0.022
0 0.196 0.449 0.03 0.024
0 0.4655 0.775 0.023 0.026
0 0.1305 0.9045 0.037 0.035
0 0.007 0.5645 0.014 0.021
0 0.067 0.6005 0.022 0.021
0 0.057 0.6245 0.028 0.025
0 0.359 0.637 0.04 0.03
0 0.437 0.63 0.036 0.026
0 0.3305 0.6035 0.025 0.023
0 0.3585 0.605 0.033 0.022
0 0.0065 0.645 0.013 0.018
0 0.2335 0.16 0.019 0.028
0 0.273 0.1775 0.042 0.047
0 0.509 0.5955 0.032 0.021
0 0.4995 0.6175 0.033 0.029
0 0.5305 0.0725 0.017 0.019
0 0.7845 0.188 0.025 0.026
0 0.8375 0.1715 0.025 0.021
0 0.69 0.207 0.024 0.028
0 0.6825 0.196 0.021 0.026
0 0.46 0.371 0.026 0.026
0 0.423 0.394 0.026 0.026
0 0.1225 0.987 0.021 0.016
0 0.1725 0.4115 0.017 0.035
0 0.4255 0.5125 0.031 0.023
0 0.4575 0.504 0.035 0.016
0 0.407 0.4865 0.024 0.019
0 0.3935 0.4655 0.015 0.021
0 0.2925 0.113 0.035 0.038
0 0.4245 0.163 0.025 0.024
0 0.452 0.5615 0.016 0.017
0 0.9535 0.489 0.027 0.016
0 0.5735 0.051 0.033 0.044
0 0.6065 0.049 0.021 0.046
0 0.4265 0.579 0.025 0.016
0 0.3115 0.65 0.031 0.028
0 0.3845 0.654 0.021 0.022
0 0.414 0.6545 0.028 0.031
0 0.424 0.6705 0.016 0.023
0 0.4475 0.2315 0.023 0.035
0 0.4855 0.2215 0.017 0.015
0 0.6705 0.671 0.029 0.026
0 0.7835 0.628 0.031 0.02
0 0.7575 0.6195 0.031 0.023
0 0.7105 0.6075 0.027 0.029
0 0.731 0.6155 0.036 0.027
0 0.86 0.6535 0.028 0.019
0 0.6615 0.8185 0.027 0.023
0 0.602 0.799 0.01 0.012
0 0.622 0.8015 0.02 0.013
0 0.6085 0.844 0.023 0.012
0 0.7705 0.8665 0.031 0.029
0 0.0245 0.736 0.015 0.022
0 0.017 0.6095 0.02 0.025
0 0.0435 0.4285 0.021 0.017
0 0.066 0.448 0.034 0.026
0 0.0705 0.392 0.019 0.016
0 0.229 0.133 0.014 0.03
0 0.361 0.01 0.03 0.018
0 0.3915 0.0215 0.025 0.015
0 0.651 0.021 0.024 0.016
0 0.8245 0.0335 0.027 0.025
0 0.8215 0.34 0.017 0.022
0 0.1345 0.818 0.017 0.02
0 0.0485 0.833 0.025 0.02
0 0.0905 0.7695 0.019 0.043
0 0.1265 0.8525 0.015 0.019
0 0.158 0.829 0.032 0.02
0 0.2315 0.9075 0.017 0.023
0 0.168 0.902 0.022 0.028
0 0.0465 0.4875 0.031 0.027
0 0.098 0.396 0.018 0.022
0 0.0875 0.0365 0.047 0.051
0 0.012 0.028 0.018 0.032
0 0.1 0.9925 0.018 0.013
0 0.81 0.4885 0.034 0.023
0 0.8555 0.538 0.033 0.022
0 0.7645 0.557 0.025 0.038
0 0.723 0.5775 0.02 0.023
0 0.853 0.461 0.034 0.042
0 0.5625 0.348 0.011 0.01
0 0.0495 0.973 0.025 0.022
0 0.0335 0.9415 0.021 0.027
0 0.4465 0.813 0.021 0.03
0 0.3845 0.3425 0.031 0.053
0 0.9665 0.2705 0.031 0.017
0 0.662 0.2865 0.012 0.013
0 0.542 0.5115 0.03 0.037
0 0.458 0.471 0.024 0.024
0 0.1045 0.3585 0.013 0.013
0 0.258 0.126 0.018 0.024
0 0.3365 0.124 0.017 0.024
0 0.311 0.0635 0.04 0.041
0 0.685 0.1455 0.016 0.015
0 0.614 0.568 0.022 0.024
0 0.6295 0.8275 0.017 0.013
0 0.1505 0.899 0.023 0.034
0 0.089 0.8875 0.01 0.015
0 0.0415 0.892 0.021 0.024
0 0.1195 0.758 0.013 0.014
0 0.1135 0.7335 0.023 0.023
0 0.915 0.899 0.028 0.036
0 0.0855 0.4665 0.025 0.023
0 0.0645 0.1305 0.033 0.021
0 0.0425 0.1195 0.027 0.031
0 0.545 0.248 0.02 0.024
0 0.564 0.2575 0.02 0.019
0 0.574 0.2485 0.046 0.047
0 0.601 0.1925 0.018 0.019
0 0.5165 0.1615 0.015 0.013
0 0.5305 0.1675 0.021 0.027
0 0.438 0.351 0.018 0.018
0 0.307 0.3235 0.016 0.021
0 0.2435 0.3635 0.021 0.023
0 0.223 0.3165 0.032 0.023
0 0.1935 0.341 0.013 0.022
0 0.389 0.176 0.018 0.02
0 0.3575 0.203 0.027 0.016
0 0.373 0.216 0.024 0.022
0 0.5515 0.3215 0.049 0.031
0 0.512 0.3755 0.032 0.021
0 0.5635 0.4155 0.021 0.013
0 0.64 0.485 0.022 0.028
0 0.7485 0.4545 0.021 0.023
0 0.7755 0.4415 0.015 0.027
0 0.7515 0.329 0.017 0.014
0 0.9345 0.967 0.031 0.024
0 0.872 0.94 0.042 0.028
0 0.853 0.9485 0.034 0.029
0 0.9795 0.877 0.027 0.034
0 0.9255 0.863 0.025 0.03
0 0.898 0.865 0.032 0.038
0 0.241 0.3245 0.012 0.011
0 0.2065 0.6025 0.021 0.023
0 0.2275 0.583 0.041 0.02
0 0.1905 0.5485 0.017 0.017
0 0.1155 0.5 0.017 0.028
0 0.0645 0.509 0.025 0.014
0 0.642 0.44 0.026 0.02
0 0.7395 0.873 0.015 0.018
0 0.7025 0.8035 0.017 0.025
0 0.1395 0.147 0.025 0.032
0 0.243 0.472 0.026 0.024
0 0.2105 0.195 0.027 0.026
0 0.6655 0.8935 0.019 0.013
0 0.641 0.8705 0.02 0.019
0 0.5575 0.859 0.019 0.03
0 0.514 0.8575 0.02 0.031
0 0.894 0.81 0.04 0.032
0 0.757 0.14 0.022 0.02
0 0.8455 0.6905 0.031 0.019
0 0.8005 0.6505 0.027 0.029
0 0.6205 0.6375 0.031 0.039
0 0.605 0.6255 0.016 0.019
0 0.5355 0.738 0.029 0.014
0 0.514 0.822 0.02 0.022
0 0.387 0.874 0.028 0.044
0 0.299 0.8985 0.024 0.035
0 0.04 0.7585 0.03 0.031
0 0.589 0.964 0.022 0.028
0 0.989 0.732 0.016 0.02
0 0.9825 0.5865 0.033 0.041
0 0.049 0.0085 0.014 0.013
0 0.0095 0.361 0.019 0.038
