0 0.3205 0.515 0.025 0.026
0 0.3505 0.4955 0.021 0.021
0 0.6085 0.4595 0.019 0.023
0 0.512 0.4155 0.016 0.023
0 0.357 0.694 0.026 0.02
0 0.4635 0.6765 0.027 0.023
0 0.559 0.734 0.024 0.02
0 0.6295 0.666 0.021 0.024
0 0.3715 0.764 0.017 0.03
0 0.3985 0.7735 0.019 0.023
0 0.7425 0.634 0.025 0.018
0 0.6895 0.4825 0.021 0.023
0 0.676 0.7805 0.018 0.025
0 0.5395 0.8035 0.025 0.023
0 0.7065 0.5995 0.027 0.021
0 0.4045 0.681 0.019 0.026
0 0.506 0.6055 0.042 0.017
0 0.1925 0.729 0.021 0.022
0 0.145 0.763 0.02 0.024
0 0.0595 0.765 0.017 0.022
0 0.6815 0.6045 0.023 0.021
0 0.7115 0.575 0.015 0.016
0 0.2475 0.697 0.027 0.022
0 0.242 0.801 0.02 0.03
0 0.4475 0.8635 0.027 0.021
0 0.548 0.6395 0.032 0.019
0 0.547 0.585 0.028 0.016
0 0.4935 0.768 0.021 0.028
0 0.5615 0.897 0.025 0.028
0 0.3105 0.6715 0.031 0.021
0 0.2775 0.667 0.025 0.018
0 0.1555 0.6225 0.019 0.019
0 0.7045 0.8655 0.021 0.017
0 0.6795 0.886 0.019 0.016
0 0.43 0.4025 0.026 0.015
0 0.728 0.4835 0.02 0.021
0 0.8225 0.557 0.019 0.02
0 0.849 0.4825 0.022 0.023
0 0.8395 0.64 0.023 0.02
0 0.9035 0.668 0.029 0.016
0 0.3785 0.841 0.023 0.02
0 0.279 0.535 0.028 0.022
0 0.653 0.8245 0.02 0.019
0 0.72 0.8425 0.026 0.017
0 0.755 0.425 0.022 0.024
0 0.7105 0.3995 0.021 0.025
0 0.389 0.896 0.024 0.024
0 0.466 0.3345 0.024 0.013
0 0.5545 0.3445 0.023 0.021
0 0.578 0.395 0.018 0.022
0 0.357 0.345 0.02 0.016
0 0.807 0.469 0.022 0.018
0 0.5635 0.412 0.021 0.018
0 0.6055 0.9055 0.025 0.015
0 0.877 0.3915 0.02 0.019
0 0.794 0.728 0.018 0.016
0 0.957 0.5395 0.024 0.017
0 0.774 0.3565 0.016 0.025
0 0.494 0.357 0.014 0.018
0 0.7595 0.746 0.025 0.01
0 0.067 0.6795 0.018 0.021
0 0.1 0.893 0.016 0.022
0 0.063 0.8895 0.018 0.021
0 0.3675 0.4195 0.015 0.019
0 0.377 0.4245 0.014 0.019
0 0.609 0.3605 0.032 0.013
0 0.9105 0.3555 0.023 0.015
0 0.814 0.389 0.016 0.016
0 0.502 0.4745 0.014 0.027
0 0.1255 0.6525 0.015 0.019
0 0.704 0.5125 0.038 0.023
0 0.064 0.707 0.016 0.014
0 0.64 0.771 0.022 0.022
0 0.4635 0.3975 0.025 0.015
0 0.1945 0.561 0.019 0.014
0 0.7245 0.451 0.015 0.018
0 0.498 0.342 0.02 0.022
0 0.107 0.124 0.02 0.018
0 0.066 0.0235 0.024 0.033
0 0.1995 0.1455 0.021 0.019
0 0.204 0.1835 0.024 0.019
0 0.2915 0.1535 0.021 0.023
0 0.191 0.301 0.028 0.026
0 0.2365 0.037 0.023 0.03
0 0.195 0.1015 0.02 0.021
0 0.4675 0.068 0.025 0.018
0 0.0275 0.3245 0.025 0.021
0 0.045 0.4735 0.026 0.025
0 0.147 0.1395 0.02 0.023
0 0.3225 0.085 0.019 0.014
0 0.198 0.345 0.022 0.03
0 0.429 0.1765 0.018 0.023
0 0.174 0.208 0.02 0.024
0 0.0865 0.4195 0.023 0.015
0 0.178 0.433 0.03 0.02
0 0.1865 0.1695 0.027 0.015
0 0.1705 0.171 0.021 0.018
0 0.358 0.0115 0.022 0.017
0 0.6 0.0975 0.02 0.021
0 0.582 0.262 0.022 0.02
0 0.5805 0.131 0.019 0.02
0 0.6465 0.296 0.021 0.024
0 0.027 0.263 0.016 0.016
0 0.0565 0.3515 0.019 0.019
0 0.1865 0.233 0.023 0.02
0 0.4175 0.1215 0.019 0.023
0 0.266 0.0975 0.018 0.021
0 0.0985 0.29 0.023 0.018
0 0.3365 0.1785 0.017 0.043
0 0.445 0.12 0.018 0.028
0 0.4775 0.0975 0.025 0.027
0 0.4985 0.0905 0.019 0.027
0 0.502 0.1155 0.022 0.021
0 0.52 0.097 0.024 0.022
0 0.4755 0.162 0.021 0.016
0 0.7195 0.266 0.017 0.024
0 0.872 0.268 0.016 0.02
0 0.7115 0.193 0.015 0.02
0 0.9115 0.1585 0.021 0.023
0 0.363 0.2945 0.024 0.019
0 0.5455 0.132 0.019 0.028
0 0.3225 0.2145 0.011 0.025
0 0.104 0.327 0.014 0.016
0 0.029 0.652 0.018 0.02
0 0.9215 0.613 0.013 0.02
0 0.915 0.2295 0.02 0.019
0 0.902 0.1075 0.02 0.023
0 0.979 0.215 0.02 0.018
0 0.9625 0.247 0.019 0.022
0 0.6555 0.191 0.015 0.014
0 0.8475 0.563 0.021 0.02
0 0.5405 0.2315 0.019 0.023
0 0.957 0.396 0.024 0.014
0 0.7795 0.9145 0.021 0.023
0 0.526 0.9615 0.028 0.017
0 0.661 0.969 0.016 0.018
0 0.8085 0.8395 0.049 0.017
0 0.8605 0.8735 0.025 0.029
0 0.828 0.943 0.026 0.016
0 0.9635 0.792 0.029 0.018
0 0.6645 0.941 0.017 0.022
0 0.8655 0.6765 0.023 0.033
0 0.7905 0.9885 0.023 0.021
0 0.5075 0.277 0.049 0.018
0 0.5535 0.221 0.023 0.02
0 0.8325 0.1975 0.033 0.013
0 0.6615 0.3935 0.025 0.019
0 0.678 0.34 0.018 0.024
0 0.6975 0.304 0.021 0.02
0 0.038 0.529 0.022 0.018
0 0.0615 0.915 0.019 0.02
0 0.0505 0.919 0.015 0.024
0 0.2395 0.976 0.025 0.024
0 0.4725 0.9475 0.015 0.017
0 0.2605 0.872 0.023 0.018
0 0.2005 0.935 0.033 0.018
0 0.133 0.9035 0.02 0.023
0 0.4515 0.904 0.023 0.034
0 0.0275 0.794 0.021 0.024
0 0.0235 0.883 0.019 0.016
0 0.16 0.952 0.022 0.018
0 0.2155 0.394 0.019 0.024
0 0.537 0.4365 0.022 0.033
0 0.2535 0.2495 0.019 0.017
0 0.186 0.4655 0.022 0.021
0 0.6075 0.043 0.025 0.026
0 0.8175 0.064 0.021 0.026
0 0.8765 0.0705 0.021 0.023
0 0.896 0.02 0.026 0.024
0 0.6915 0.0865 0.031 0.025
0 0.584 0.278 0.02 0.01
0 0.6315 0.02 0.027 0.02
0 0.2905 0.0465 0.023 0.021
0 0.2795 0.072 0.017 0.02
0 0.504 0.144 0.022 0.016
0 0.6045 0.0685 0.023 0.015
0 0.6265 0.248 0.019 0.018
0 0.524 0.3155 0.028 0.015
0 0.482 0.3935 0.02 0.011
0 0.4965 0.392 0.019 0.014
0 0.516 0.372 0.028 0.028
0 0.7345 0.3235 0.019 0.019
0 0.4375 0.5845 0.029 0.013
0 0.691 0.161 0.02 0.018
0 0.71 0.128 0.022 0.026
0 0.73 0.1235 0.022 0.023
0 0.947 0.0345 0.02 0.029
0 0.791 0.213 0.024 0.016
0 0.6505 0.069 0.023 0.014
0 0.756 0.263 0.016 0.02
0 0.7445 0.268 0.011 0.024
0 0.801 0.528 0.028 0.016
0 0.988 0.657 0.022 0.022
0 0.5905 0.7225 0.035 0.015
0 0.527 0.5455 0.018 0.029
0 0.3125 0.6165 0.033 0.019
0 0.3635 0.648 0.031 0.018
0 0.1035 0.6155 0.015 0.017
0 0.0965 0.608 0.021 0.016
0 0.1785 0.687 0.027 0.016
0 0.1665 0.694 0.021 0.022
0 0.345 0.5685 0.032 0.019
0 0.2435 0.4265 0.025 0.009
0 0.0925 0.3275 0.015 0.015
0 0.149 0.313 0.012 0.02
0 0.1495 0.3285 0.023 0.025
0 0.3335 0.311 0.027 0.01
0 0.358 0.3135 0.028 0.011
0 0.376 0.325 0.022 0.008
0 0.378 0.314 0.024 0.01
0 0.0405 0.4205 0.033 0.017
0 0.1955 0.379 0.019 0.02
0 0.2325 0.3085 0.019 0.021
0 0.165 0.143 0.018 0.024
0 0.1325 0.019 0.029 0.018
0 0.3675 0.376 0.025 0.02
0 0.3535 0.384 0.011 0.012
0 0.1255 0.529 0.041 0.016
0 0.1355 0.384 0.039 0.018
0 0.2455 0.1485 0.011 0.011
0 0.257 0.782 0.014 0.018
0 0.394 0.7325 0.022 0.019
0 0.294 0.737 0.014 0.018
0 0.4905 0.9815 0.023 0.029
0 0.4785 0.889 0.025 0.022
0 0.3015 0.9535 0.031 0.019
0 0.141 0.5675 0.034 0.021
0 0.3615 0.7915 0.025 0.023
0 0.1355 0.94 0.029 0.024
0 0.52 0.8535 0.052 0.021
0 0.5755 0.858 0.021 0.018
0 0.625 0.7065 0.028 0.015
0 0.618 0.817 0.024 0.02
0 0.832 0.8755 0.022 0.021
0 0.868 0.851 0.046 0.016
0 0.906 0.968 0.022 0.022
0 0.898 0.952 0.04 0.014
0 0.9775 0.922 0.035 0.02
0 0.7425 0.8835 0.025 0.023
0 0.888 0.933 0.018 0.014
0 0.906 0.7725 0.026 0.019
0 0.8635 0.7695 0.035 0.025
0 0.8865 0.7595 0.019 0.017
0 0.8405 0.749 0.017 0.024
0 0.9455 0.6825 0.023 0.017
0 0.9285 0.7625 0.017 0.029
0 0.646 0.695 0.022 0.008
0 0.2815 0.9675 0.017 0.009
0 0.7325 0.984 0.031 0.022
0 0.7085 0.976 0.035 0.022
0 0.899 0.524 0.028 0.018
0 0.4835 0.339 0.017 0.012
0 0.5215 0.4015 0.013 0.011
0 0.477 0.4955 0.012 0.019
0 0.9515 0.4545 0.021 0.029
0 0.563 0.2975 0.018 0.019
0 0.7955 0.3305 0.025 0.017
0 0.776 0.5685 0.028 0.021
0 0.9775 0.576 0.025 0.018
0 0.7785 0.448 0.017 0.018
0 0.791 0.451 0.012 0.014
0 0.424 0.984 0.018 0.024
0 0.945 0.985 0.016 0.014
0 0.952 0.9815 0.028 0.015
0 0.8755 0.518 0.035 0.018
0 0.7285 0.5225 0.017 0.017
0 0.7285 0.453 0.025 0.018
0 0.706 0.248 0.028 0.02
0 0.222 0.317 0.02 0.018
0 0.1595 0.2575 0.019 0.021
0 0.1655 0.2455 0.019 0.019
0 0.1365 0.8745 0.019 0.017
0 0.335 0.892 0.03 0.022
0 0.3315 0.8765 0.015 0.015
0 0.8765 0.74 0.025 0.016
0 0.8645 0.4025 0.027 0.021
0 0.9635 0.5025 0.025 0.017
0 0.9835 0.5005 0.027 0.015
0 0.815 0.314 0.016 0.024
0 0.365 0.1015 0.02 0.011
0 0.3725 0.0875 0.023 0.019
0 0.3525 0.113 0.021 0.02
0 0.655 0.944 0.014 0.024
0 0.615 0.695 0.018 0.012
0 0.174 0.3995 0.026 0.023
0 0.0165 0.837 0.029 0.024
0 0.4645 0.1655 0.013 0.015
0 0.307 0.753 0.014 0.024
0 0.2835 0.9475 0.019 0.015
0 0.07 0.967 0.022 0.018
0 0.5675 0.9695 0.017 0.013
0 0.9865 0.48 0.011 0.012
0 0.944 0.4905 0.018 0.011
0 0.406 0.433 0.02 0.016
0 0.4895 0.479 0.007 0.026
0 0.5675 0.4885 0.019 0.015
0 0.6615 0.72 0.017 0.018
0 0.08 0.378 0.016 0.018
0 0.4875 0.8495 0.023 0.015
0 0.0765 0.1355 0.019 0.021
0 0.4215 0.0205 0.025 0.013
0 0.5945 0.1515 0.015 0.027
0 0.7905 0.0365 0.031 0.021
0 0.7585 0.0755 0.023 0.021
0 0.6965 0.03 0.017 0.016
0 0.991 0.0875 0.016 0.023
0 0.992 0.2245 0.014 0.015
0 0.137 0.3405 0.018 0.015
0 0.089 0.461 0.014 0.016
0 0.1175 0.4645 0.009 0.011
0 0.0065 0.5085 0.013 0.019
0 0.173 0.7955 0.014 0.015
0 0.097 0.8345 0.01 0.011
0 0.034 0.9905 0.016 0.017
0 0.089 0.9925 0.016 0.013
0 0.293 0.986 0.016 0.022
0 0.5635 0.99 0.017 0.016
0 0.8385 0.989 0.019 0.02
0 0.8655 0.991 0.025 0.016
0 0.709 0.6855 0.018 0.017
0 0.762 0.5985 0.01 0.011
0 0.6405 0.602 0.015 0.014
0 0.0405 0.0435 0.023 0.019
0 0.1565 0.281 0.013 0.016
0 0.0805 0.239 0.017 0.014
0 0.246 0.45 0.016 0.018
0 0.198 0.5075 0.016 0.023
0 0.293 0.637 0.048 0.024
0 0.203 0.636 0.008 0.012
0 0.449 0.7655 0.014 0.019
0 0.4335 0.6185 0.015 0.017
0 0.2395 0.7445 0.013 0.017
0 0.158 0.9845 0.014 0.015
0 0.359 0.876 0.012 0.012
0 0.75 0.848 0.018 0.016
0 0.834 0.663 0.016 0.014
0 0.923 0.475 0.02 0.016
0 0.9745 0.3575 0.029 0.027
0 0.9805 0.4155 0.017 0.017
0 0.9475 0.291 0.017 0.012
0 0.6275 0.473 0.021 0.022
0 0.6745 0.4465 0.013 0.013
0 0.593 0.532 0.01 0.008
0 0.2125 0.5205 0.017 0.015
0 0.154 0.5785 0.016 0.013
0 0.007 0.706 0.014 0.01
0 0.247 0.5755 0.03 0.023
0 0.2735 0.5565 0.017 0.021
0 0.3395 0.381 0.021 0.02
0 0.325 0.4065 0.014 0.013
0 0.0095 0.279 0.019 0.03
0 0.009 0.232 0.018 0.02
0 0.3725 0.508 0.015 0.016
0 0.993 0.8735 0.012 0.011
0 0.8795 0.821 0.019 0.022
0 0.9115 0.336 0.019 0.014
0 0.8865 0.3635 0.015 0.011
0 0.8605 0.18 0.021 0.02
0 0.0865 0.4815 0.023 0.021
