0 0.0395 0.179 0.027 0.026
0 0.041 0.194 0.028 0.018
0 0.412 0.145 0.04 0.048
0 0.4535 0.128 0.025 0.03
0 0.3325 0.215 0.027 0.022
0 0.3475 0.218 0.019 0.024
0 0.306 0.1585 0.044 0.037
0 0.5555 0.03 0.029 0.028
0 0.5455 0.013 0.035 0.026
0 0.478 0.1115 0.03 0.021
0 0.3655 0.14 0.017 0.026
0 0.348 0.1395 0.018 0.027
0 0.668 0.184 0.018 0.018
0 0.7165 0.29 0.013 0.018
0 0.9575 0.2715 0.017 0.025
0 0.937 0.3195 0.018 0.019
0 0.9795 0.216 0.019 0.026
0 0.9865 0.1885 0.021 0.017
0 0.914 0.3635 0.014 0.023
0 0.926 0.4405 0.018 0.017
0 0.904 0.4285 0.024 0.019
0 0.9665 0.436 0.009 0.018
0 0.975 0.4665 0.012 0.019
0 0.991 0.437 0.01 0.02
0 0.825 0.517 0.026 0.018
0 0.8265 0.5505 0.021 0.019
0 0.893 0.5595 0.016 0.015
0 0.889 0.547 0.016 0.018
0 0.867 0.561 0.016 0.016
0 0.796 0.557 0.018 0.02
0 0.815 0.6115 0.014 0.027
0 0.9065 0.531 0.015 0.012
0 0.9355 0.609 0.023 0.028
0 0.9745 0.539 0.023 0.032
0 0.8475 0.622 0.019 0.02
0 0.8935 0.6205 0.021 0.023
0 0.8835 0.629 0.015 0.014
0 0.8165 0.698 0.017 0.024
0 0.841 0.7365 0.018 0.021
0 0.8615 0.7335 0.017 0.019
0 0.856 0.7135 0.018 0.013
0 0.8595 0.6975 0.015 0.015
0 0.866 0.6695 0.018 0.009
0 0.865 0.6455 0.022 0.015
0 0.8305 0.6545 0.019 0.019
0 0.8275 0.6675 0.021 0.017
0 0.7685 0.67 0.015 0.024
0 0.743 0.6855 0.012 0.013
0 0.7975 0.7235 0.011 0.011
0 0.9295 0.7395 0.027 0.017
0 0.9595 0.7365 0.023 0.011
0 0.6795 0.6295 0.039 0.029
0 0.685 0.6155 0.036 0.023
0 0.703 0.633 0.016 0.018
0 0.7725 0.5645 0.011 0.033
0 0.673 0.41 0.018 0.014
0 0.5935 0.5445 0.033 0.037
0 0.8415 0.124 0.035 0.034
0 0.777 0.0705 0.022 0.023
0 0.1685 0.6535 0.035 0.033
0 0.1655 0.7015 0.025 0.025
0 0.152 0.7175 0.02 0.019
0 0.1915 0.471 0.013 0.01
0 0.205 0.4765 0.008 0.011
0 0.1735 0.4645 0.017 0.019
0 0.169 0.442 0.022 0.018
0 0.2025 0.4195 0.019 0.017
0 0.21 0.412 0.014 0.016
0 0.255 0.5185 0.016 0.011
0 0.124 0.4735 0.022 0.019
0 0.026 0.3585 0.024 0.027
0 0.042 0.3575 0.024 0.027
0 0.045 0.4635 0.044 0.067
0 0.0585 0.504 0.031 0.044
0 0.075 0.507 0.02 0.016
0 0.0735 0.559 0.031 0.044
0 0.0605 0.5705 0.035 0.045
0 0.0415 0.9455 0.021 0.019
0 0.4215 0.619 0.039 0.032
0 0.4455 0.708 0.047 0.04
0 0.407 0.657 0.024 0.018
0 0.4715 0.6695 0.021 0.023
0 0.4855 0.66 0.025 0.024
0 0.5095 0.71 0.013 0.016
0 0.519 0.7075 0.016 0.011
0 0.5485 0.727 0.013 0.016
0 0.592 0.6285 0.032 0.027
0 0.593 0.6535 0.024 0.031
0 0.557 0.675 0.028 0.034
0 0.705 0.437 0.018 0.02
0 0.72 0.85 0.018 0.02
0 0.747 0.884 0.018 0.018
0 0.758 0.8925 0.028 0.023
0 0.82 0.864 0.026 0.032
0 0.924 0.8305 0.016 0.023
0 0.9145 0.8115 0.023 0.035
0 0.9715 0.7865 0.017 0.019
0 0.9895 0.7715 0.017 0.013
0 0.947 0.7865 0.016 0.017
0 0.949 0.7985 0.016 0.017
0 0.9725 0.827 0.019 0.03
0 0.988 0.819 0.014 0.02
0 0.9525 0.842 0.013 0.026
0 0.9725 0.863 0.013 0.018
0 0.9545 0.912 0.021 0.022
0 0.9765 0.9185 0.033 0.047
0 0.912 0.944 0.022 0.022
0 0.9225 0.9215 0.019 0.019
0 0.8985 0.9235 0.021 0.029
0 0.93 0.9475 0.03 0.027
0 0.8685 0.947 0.011 0.028
0 0.882 0.9185 0.01 0.019
0 0.807 0.8965 0.016 0.017
0 0.7895 0.9035 0.019 0.013
0 0.788 0.9605 0.022 0.021
0 0.5695 0.823 0.023 0.024
0 0.5545 0.818 0.017 0.016
0 0.5225 0.835 0.035 0.04
0 0.5345 0.8475 0.031 0.025
0 0.5695 0.7635 0.037 0.041
0 0.5985 0.7985 0.025 0.039
0 0.5865 0.8025 0.011 0.019
0 0.212 0.7905 0.032 0.031
0 0.2035 0.869 0.023 0.022
0 0.2325 0.842 0.017 0.01
0 0.147 0.7995 0.016 0.013
0 0.1605 0.7835 0.013 0.009
0 0.1555 0.8055 0.013 0.011
0 0.6045 0.1915 0.015 0.015
0 0.5925 0.19 0.013 0.014
0 0.571 0.188 0.026 0.022
0 0.338 0.5055 0.04 0.021
0 0.317 0.5195 0.04 0.027
0 0.31 0.5485 0.014 0.015
0 0.327 0.553 0.02 0.016
0 0.3095 0.5725 0.015 0.017
0 0.37 0.53 0.018 0.01
0 0.3935 0.523 0.035 0.014
0 0.3855 0.537 0.027 0.014
0 0.411 0.4995 0.034 0.013
0 0.744 0.239 0.022 0.014
0 0.7465 0.193 0.023 0.02
0 0.7665 0.1995 0.027 0.025
0 0.7455 0.8265 0.021 0.013
0 0.7485 0.817 0.019 0.024
0 0.7425 0.804 0.017 0.012
0 0.7605 0.864 0.019 0.018
0 0.759 0.844 0.014 0.014
0 0.5325 0.9775 0.015 0.013
0 0.09 0.402 0.028 0.042
0 0.0825 0.3795 0.029 0.029
0 0.0075 0.234 0.015 0.028
0 0.007 0.2505 0.014 0.015
0 0.0215 0.253 0.019 0.024
0 0.1175 0.432 0.025 0.018
0 0.108 0.4455 0.018 0.013
0 0.2445 0.431 0.011 0.02
0 0.273 0.424 0.026 0.024
0 0.2565 0.4415 0.023 0.031
0 0.2675 0.4505 0.019 0.025
0 0.844 0.689 0.028 0.024
0 0.8125 0.7465 0.009 0.017
0 0.8135 0.7655 0.021 0.019
0 0.8365 0.8195 0.019 0.027
0 0.808 0.8105 0.014 0.025
0 0.851 0.9835 0.014 0.009
0 0.7565 0.9415 0.023 0.027
0 0.765 0.9255 0.02 0.021
0 0.727 0.91 0.036 0.016
0 0.6055 0.5935 0.033 0.027
0 0.6215 0.585 0.029 0.02
0 0.193 0.4925 0.012 0.011
0 0.851 0.5325 0.016 0.005
0 0.864 0.4815 0.012 0.019
0 0.9305 0.3675 0.015 0.013
0 0.178 0.16 0.044 0.044
0 0.1075 0.149 0.063 0.036
0 0.218 0.073 0.052 0.034
0 0.222 0.029 0.024 0.032
0 0.2315 0.0515 0.027 0.025
0 0.151 0.029 0.026 0.038
0 0.1575 0.0155 0.025 0.025
0 0.007 0.008 0.012 0.014
0 0.0435 0.0175 0.035 0.033
0 0.1125 0.009 0.053 0.016
0 0.028 0.051 0.014 0.03
0 0.0805 0.024 0.031 0.034
0 0.12 0.048 0.032 0.036
0 0.1605 0.065 0.045 0.034
0 0.2825 0.022 0.015 0.02
0 0.2955 0.073 0.023 0.022
0 0.333 0.0045 0.028 0.007
0 0.386 0.028 0.02 0.026
0 0.3255 0.0395 0.035 0.041
0 0.4415 0.011 0.023 0.022
0 0.429 0.007 0.026 0.012
0 0.419 0.0835 0.026 0.033
0 0.429 0.082 0.022 0.028
0 0.4565 0.0665 0.033 0.039
0 0.457 0.041 0.018 0.024
0 0.4785 0.1005 0.019 0.021
0 0.641 0.045 0.026 0.022
0 0.6815 0.0675 0.027 0.023
0 0.7645 0.03 0.025 0.024
0 0.827 0.0345 0.03 0.031
0 0.842 0.044 0.042 0.04
0 0.83 0.0705 0.046 0.033
0 0.794 0.125 0.042 0.028
0 0.7915 0.107 0.029 0.022
0 0.7705 0.149 0.045 0.048
0 0.6815 0.161 0.013 0.02
0 0.721 0.162 0.016 0.018
0 0.7205 0.199 0.017 0.02
0 0.503 0.2015 0.072 0.029
0 0.659 0.1295 0.018 0.017
0 0.6305 0.132 0.033 0.034
0 0.596 0.1355 0.028 0.021
0 0.616 0.1405 0.024 0.013
0 0.323 0.2485 0.046 0.031
0 0.3695 0.2945 0.021 0.023
0 0.342 0.291 0.042 0.034
0 0.3795 0.3415 0.023 0.037
0 0.326 0.344 0.036 0.038
0 0.3025 0.353 0.029 0.024
0 0.4015 0.3795 0.035 0.029
0 0.4535 0.4095 0.029 0.021
0 0.4815 0.3735 0.045 0.039
0 0.482 0.3615 0.036 0.029
0 0.5265 0.3515 0.059 0.051
0 0.566 0.3305 0.04 0.027
0 0.547 0.3205 0.026 0.037
0 0.5765 0.2655 0.025 0.025
0 0.5265 0.2395 0.027 0.021
0 0.659 0.21 0.024 0.018
0 0.6765 0.204 0.015 0.012
0 0.7005 0.2885 0.015 0.031
0 0.692 0.2955 0.012 0.023
0 0.681 0.3245 0.02 0.017
0 0.6485 0.3455 0.023 0.019
0 0.666 0.3475 0.02 0.021
0 0.6895 0.35 0.015 0.022
0 0.6855 0.3935 0.017 0.023
0 0.6575 0.379 0.023 0.02
0 0.65 0.3985 0.024 0.015
0 0.854 0.3425 0.032 0.035
0 0.819 0.288 0.042 0.038
0 0.8445 0.2485 0.023 0.013
0 0.8625 0.221 0.051 0.048
0 0.887 0.2165 0.02 0.027
0 0.8995 0.19 0.029 0.028
0 0.917 0.1905 0.022 0.023
0 0.8485 0.156 0.031 0.024
0 0.918 0.127 0.046 0.038
0 0.947 0.074 0.028 0.044
0 0.974 0.0675 0.022 0.023
0 0.9835 0.0335 0.019 0.031
0 0.9935 0.005 0.009 0.008
0 0.9515 0.295 0.015 0.012
0 0.9745 0.3205 0.007 0.009
0 0.983 0.318 0.016 0.01
0 0.9135 0.386 0.017 0.012
0 0.9585 0.4155 0.013 0.019
0 0.932 0.466 0.02 0.02
0 0.9395 0.473 0.015 0.02
0 0.906 0.515 0.016 0.014
0 0.918 0.498 0.016 0.014
0 0.886 0.487 0.01 0.014
0 0.906 0.454 0.02 0.012
0 0.8065 0.4725 0.043 0.035
0 0.8095 0.457 0.025 0.02
0 0.7395 0.4075 0.015 0.011
0 0.7405 0.4705 0.019 0.021
0 0.749 0.476 0.018 0.032
0 0.763 0.4765 0.016 0.019
0 0.7245 0.468 0.009 0.014
0 0.734 0.4545 0.014 0.009
0 0.779 0.5155 0.018 0.015
0 0.7785 0.4995 0.019 0.025
0 0.7635 0.5285 0.015 0.023
0 0.7585 0.512 0.011 0.018
0 0.7335 0.5125 0.021 0.033
0 0.697 0.532 0.036 0.026
0 0.6465 0.512 0.031 0.036
0 0.724 0.6065 0.034 0.015
0 0.7375 0.6545 0.023 0.041
0 0.7845 0.6235 0.011 0.027
0 0.7595 0.7035 0.027 0.029
0 0.804 0.6735 0.016 0.027
0 0.896 0.686 0.008 0.008
0 0.9085 0.671 0.019 0.02
0 0.9365 0.663 0.015 0.022
0 0.861 0.8845 0.034 0.033
0 0.831 0.929 0.018 0.016
0 0.787 0.9245 0.016 0.017
0 0.762 0.985 0.028 0.026
0 0.717 0.9735 0.042 0.035
0 0.6785 0.9745 0.019 0.023
0 0.623 0.9325 0.036 0.027
0 0.6065 0.9475 0.025 0.031
0 0.511 0.917 0.028 0.034
0 0.483 0.933 0.032 0.02
0 0.4815 0.9025 0.041 0.021
0 0.4415 0.8875 0.031 0.027
0 0.432 0.871 0.03 0.022
0 0.453 0.852 0.024 0.026
0 0.4375 0.8195 0.019 0.021
0 0.356 0.8585 0.038 0.043
0 0.233 0.88 0.024 0.03
0 0.205 0.886 0.022 0.014
0 0.2505 0.745 0.023 0.022
0 0.2625 0.5115 0.017 0.013
0 0.3755 0.4145 0.045 0.039
0 0.7545 0.3125 0.037 0.039
0 0.74 0.264 0.026 0.022
0 0.756 0.267 0.024 0.026
0 0.791 0.236 0.044 0.052
0 0.216 0.219 0.014 0.016
0 0.2335 0.2175 0.023 0.027
0 0.259 0.238 0.016 0.014
0 0.0585 0.24 0.055 0.05
0 0.1705 0.3345 0.021 0.013
0 0.19 0.323 0.028 0.02
0 0.208 0.305 0.028 0.024
0 0.2315 0.308 0.017 0.02
0 0.1055 0.3365 0.055 0.033
0 0.07 0.286 0.02 0.022
0 0.078 0.284 0.014 0.014
0 0.319 0.436 0.024 0.034
0 0.309 0.4605 0.016 0.021
0 0.295 0.4785 0.024 0.021
0 0.266 0.4815 0.03 0.015
0 0.3935 0.4725 0.021 0.013
0 0.3675 0.4625 0.017 0.015
0 0.14 0.379 0.022 0.024
0 0.2425 0.5595 0.047 0.035
0 0.169 0.608 0.018 0.02
0 0.1835 0.6225 0.023 0.019
0 0.1445 0.663 0.029 0.018
0 0.192 0.668 0.028 0.022
0 0.0355 0.664 0.023 0.016
0 0.028 0.655 0.016 0.016
0 0.036 0.648 0.02 0.016
0 0.0085 0.713 0.013 0.024
0 0.0595 0.726 0.021 0.026
0 0.0965 0.7675 0.029 0.027
0 0.063 0.8135 0.04 0.035
0 0.01 0.786 0.018 0.026
0 0.014 0.8085 0.018 0.017
0 0.0295 0.8045 0.019 0.029
0 0.0345 0.852 0.019 0.044
0 0.0635 0.869 0.027 0.058
0 0.047 0.892 0.022 0.03
0 0.0495 0.9785 0.025 0.025
0 0.093 0.9675 0.022 0.021
0 0.0965 0.9435 0.033 0.021
0 0.109 0.918 0.044 0.028
0 0.1765 0.915 0.025 0.032
0 0.196 0.9445 0.03 0.031
0 0.206 0.931 0.02 0.02
0 0.179 0.947 0.022 0.02
0 0.233 0.956 0.03 0.032
0 0.2835 0.959 0.041 0.04
0 0.297 0.9515 0.024 0.023
0 0.3015 0.917 0.017 0.012
0 0.414 0.9855 0.03 0.027
0 0.4815 0.9625 0.013 0.017
0 0.4955 0.977 0.011 0.01
0 0.51 0.978 0.008 0.01
0 0.5135 0.9895 0.011 0.009
0 0.569 0.9465 0.022 0.017
0 0.558 0.9355 0.024 0.021
0 0.6685 0.8885 0.045 0.017
0 0.61 0.856 0.06 0.044
0 0.64 0.841 0.032 0.026
0 0.638 0.795 0.058 0.038
0 0.6575 0.744 0.057 0.048
0 0.603 0.715 0.034 0.048
0 0.4475 0.59 0.031 0.024
0 0.4905 0.609 0.029 0.028
0 0.5295 0.5825 0.031 0.021
0 0.522 0.5955 0.012 0.021
0 0.475 0.5535 0.04 0.029
0 0.667 0.475 0.026 0.02
0 0.6925 0.5035 0.035 0.025
0 0.693 0.485 0.022 0.028
0 0.6825 0.5285 0.015 0.019
0 0.619 0.4305 0.046 0.035
0 0.6275 0.466 0.037 0.022
0 0.5385 0.455 0.043 0.026
0 0.549 0.415 0.032 0.016
0 0.582 0.3955 0.026 0.015
0 0.564 0.501 0.028 0.026
0 0.5645 0.482 0.025 0.016
0 0.1415 0.638 0.025 0.026
0 0.1015 0.6435 0.043 0.029
0 0.106 0.63 0.034 0.026
0 0.0935 0.673 0.051 0.04
0 0.0955 0.608 0.029 0.022
0 0.088 0.596 0.034 0.024
0 0.0265 0.5975 0.049 0.049
0 0.0085 0.611 0.015 0.026
0 0.0955 0.707 0.031 0.042
0 0.1505 0.8445 0.049 0.027
0 0.171 0.852 0.036 0.034
0 0.1485 0.254 0.015 0.024
0 0.424 0.0375 0.024 0.037
0 0.3405 0.1035 0.041 0.031
0 0.1745 0.1105 0.049 0.035
0 0.127 0.105 0.034 0.034
0 0.096 0.0885 0.024 0.019
0 0.9345 0.3435 0.019 0.021
0 0.968 0.3845 0.024 0.015
0 0.991 0.3625 0.016 0.017
0 0.863 0.59 0.02 0.028
0 0.829 0.582 0.028 0.028
0 0.707 0.9425 0.046 0.035
0 0.803 0.992 0.012 0.014
0 0.8955 0.957 0.009 0.032
0 0.5255 0.0895 0.043 0.045
0 0.655 0.245 0.012 0.024
0 0.224 0.4275 0.012 0.027
0 0.0085 0.4445 0.017 0.049
0 0.452 0.1655 0.024 0.031
0 0.7015 0.1015 0.009 0.031
