0 0.3455 0.3145 0.025 0.041
0 0.333 0.5075 0.038 0.033
0 0.352 0.4715 0.032 0.041
0 0.646 0.681 0.03 0.048
0 0.6775 0.6675 0.035 0.053
0 0.8925 0.7375 0.019 0.033
0 0.3925 0.759 0.023 0.036
0 0.332 0.6855 0.028 0.023
0 0.4115 0.47 0.041 0.022
0 0.468 0.394 0.03 0.03
0 0.548 0.4965 0.026 0.027
0 0.43 0.492 0.052 0.026
0 0.286 0.86 0.03 0.024
0 0.3965 0.6675 0.029 0.031
0 0.3615 0.6565 0.041 0.047
0 0.874 0.6175 0.046 0.037
0 0.7895 0.811 0.039 0.034
0 0.8345 0.835 0.035 0.022
0 0.5965 0.6375 0.031 0.029
0 0.607 0.665 0.022 0.022
0 0.6165 0.69 0.033 0.034
0 0.633 0.637 0.028 0.038
0 0.649 0.5205 0.034 0.029
0 0.662 0.625 0.028 0.032
0 0.708 0.6565 0.034 0.043
0 0.727 0.609 0.024 0.024
0 0.8755 0.978 0.035 0.042
0 0.875 0.8565 0.044 0.039
0 0.6185 0.937 0.041 0.028
0 0.263 0.9365 0.024 0.025
0 0.313 0.915 0.022 0.038
0 0.346 0.9195 0.024 0.035
0 0.4355 0.875 0.029 0.038
0 0.5015 0.819 0.031 0.036
0 0.533 0.7535 0.04 0.035
0 0.342 0.8025 0.034 0.043
0 0.3745 0.791 0.021 0.044
0 0.4715 0.7915 0.025 0.021
0 0.411 0.7815 0.022 0.037
0 0.386 0.716 0.02 0.034
0 0.098 0.087 0.028 0.036
0 0.0215 0.1685 0.041 0.047
0 0.035 0.134 0.038 0.032
0 0.1865 0.0865 0.041 0.053
0 0.195 0.1625 0.04 0.069
0 0.165 0.1625 0.032 0.075
0 0.229 0.1205 0.034 0.057
0 0.258 0.07 0.03 0.044
0 0.326 0.103 0.034 0.046
0 0.4415 0.098 0.023 0.052
0 0.04 0.011 0.02 0.016
0 0.1505 0.0595 0.057 0.065
0 0.0625 0.3265 0.031 0.041
0 0.137 0.5195 0.022 0.015
0 0.2455 0.707 0.025 0.024
0 0.329 0.5815 0.022 0.023
0 0.3815 0.555 0.025 0.022
0 0.3975 0.5345 0.047 0.027
0 0.137 0.9065 0.022 0.029
0 0.552 0.7935 0.028 0.029
0 0.348 0.601 0.038 0.026
0 0.5245 0.48 0.019 0.04
0 0.555 0.301 0.03 0.022
0 0.558 0.3345 0.03 0.037
0 0.7975 0.7225 0.053 0.047
0 0.7405 0.7695 0.041 0.037
0 0.716 0.7095 0.04 0.047
0 0.2815 0.293 0.041 0.032
0 0.384 0.4035 0.034 0.035
0 0.479 0.3765 0.028 0.037
0 0.5685 0.222 0.033 0.022
0 0.69 0.3055 0.034 0.033
0 0.841 0.667 0.024 0.034
0 0.831 0.7025 0.028 0.027
0 0.968 0.703 0.024 0.026
0 0.819 0.594 0.03 0.032
0 0.944 0.5365 0.02 0.037
0 0.91 0.656 0.054 0.046
0 0.908 0.475 0.038 0.028
0 0.8455 0.4945 0.021 0.047
0 0.842 0.092 0.028 0.034
0 0.866 0.063 0.052 0.052
0 0.9705 0.0575 0.047 0.067
0 0.763 0.146 0.04 0.022
0 0.6595 0.16 0.057 0.036
0 0.818 0.2765 0.042 0.023
0 0.6555 0.766 0.031 0.02
0 0.701 0.7805 0.042 0.027
0 0.245 0.8655 0.022 0.029
0 0.112 0.659 0.028 0.028
0 0.2575 0.4415 0.033 0.027
0 0.4345 0.2295 0.031 0.023
0 0.4555 0.2465 0.041 0.033
0 0.7285 0.131 0.029 0.028
0 0.2525 0.358 0.043 0.044
0 0.515 0.4245 0.034 0.041
0 0.7635 0.463 0.023 0.042
0 0.5385 0.3465 0.025 0.029
0 0.5385 0.0975 0.021 0.029
0 0.4665 0.122 0.015 0.028
0 0.3005 0.4945 0.025 0.023
0 0.042 0.0305 0.032 0.019
0 0.054 0.073 0.02 0.03
0 0.088 0.0625 0.026 0.021
0 0.227 0.0645 0.036 0.039
0 0.351 0.065 0.046 0.058
0 0.466 0.048 0.034 0.032
0 0.707 0.124 0.052 0.052
0 0.6325 0.188 0.039 0.04
0 0.6735 0.197 0.019 0.03
0 0.745 0.2715 0.026 0.033
0 0.8225 0.306 0.019 0.032
0 0.864 0.29 0.026 0.028
0 0.8555 0.263 0.037 0.028
0 0.9725 0.2665 0.017 0.041
0 0.9015 0.3405 0.029 0.037
0 0.9335 0.3655 0.023 0.033
0 0.919 0.387 0.034 0.02
0 0.9205 0.415 0.047 0.03
0 0.8725 0.502 0.023 0.04
0 0.302 0.9695 0.036 0.049
0 0.35 0.969 0.028 0.044
0 0.195 0.914 0.04 0.024
0 0.23 0.8975 0.026 0.045
0 0.266 0.894 0.02 0.032
0 0.161 0.8465 0.016 0.033
0 0.213 0.8565 0.03 0.033
0 0.234 0.7715 0.03 0.035
0 0.195 0.737 0.02 0.038
0 0.186 0.706 0.03 0.028
0 0.26 0.676 0.028 0.034
0 0.2745 0.722 0.027 0.054
0 0.3055 0.684 0.025 0.04
0 0.3115 0.725 0.021 0.04
0 0.289 0.743 0.024 0.036
0 0.293 0.7695 0.034 0.023
0 0.341 0.7635 0.036 0.033
0 0.306 0.7925 0.028 0.019
0 0.4005 0.966 0.029 0.03
0 0.952 0.949 0.042 0.022
0 0.962 0.9755 0.02 0.023
0 0.96 0.91 0.026 0.024
0 0.945 0.859 0.038 0.036
0 0.913 0.835 0.048 0.038
0 0.8245 0.811 0.023 0.018
0 0.7425 0.8255 0.041 0.029
0 0.7535 0.939 0.037 0.038
0 0.68 0.938 0.03 0.04
0 0.644 0.8455 0.026 0.025
0 0.7555 0.723 0.029 0.04
0 0.7405 0.6565 0.029 0.041
0 0.7665 0.653 0.023 0.038
0 0.7905 0.621 0.025 0.036
0 0.813 0.6425 0.036 0.047
0 0.967 0.5645 0.04 0.035
0 0.905 0.54 0.048 0.048
0 0.9265 0.5785 0.035 0.041
0 0.661 0.466 0.032 0.032
0 0.653 0.437 0.02 0.034
0 0.7015 0.374 0.019 0.036
0 0.7705 0.364 0.029 0.03
0 0.8255 0.244 0.027 0.022
0 0.7935 0.2365 0.051 0.021
0 0.8835 0.0195 0.039 0.035
0 0.8215 0.0525 0.033 0.037
0 0.7735 0.1235 0.039 0.023
0 0.6955 0.1685 0.023 0.025
0 0.725 0.176 0.036 0.042
0 0.7485 0.188 0.037 0.032
0 0.819 0.1905 0.024 0.033
0 0.6785 0.3895 0.019 0.033
0 0.566 0.529 0.022 0.016
0 0.471 0.906 0.028 0.04
0 0.3995 0.868 0.017 0.02
0 0.93 0.735 0.05 0.036
0 0.861 0.7635 0.032 0.025
0 0.9825 0.736 0.031 0.028
0 0.9915 0.8045 0.015 0.019
0 0.2915 0.9265 0.031 0.027
0 0.331 0.888 0.024 0.034
0 0.3755 0.832 0.027 0.032
0 0.3055 0.8225 0.021 0.027
0 0.438 0.956 0.032 0.028
0 0.4425 0.917 0.023 0.024
0 0.514 0.9265 0.028 0.039
0 0.5405 0.891 0.035 0.038
0 0.591 0.9 0.024 0.032
0 0.494 0.868 0.038 0.046
0 0.423 0.8155 0.042 0.057
0 0.9275 0.968 0.035 0.038
0 0.985 0.889 0.028 0.034
0 0.962 0.599 0.036 0.028
0 0.9455 0.4965 0.031 0.027
0 0.926 0.4415 0.036 0.031
0 0.772 0.016 0.042 0.032
0 0.8085 0.014 0.023 0.024
0 0.9385 0.0125 0.033 0.021
0 0.932 0.0365 0.044 0.029
0 0.0675 0.019 0.023 0.018
0 0.0785 0.1295 0.029 0.033
0 0.067 0.212 0.034 0.048
0 0.185 0.2945 0.016 0.021
0 0.3045 0.334 0.047 0.046
0 0.1805 0.355 0.029 0.032
0 0.202 0.3275 0.022 0.017
0 0.2575 0.38 0.049 0.058
0 0.19 0.5125 0.052 0.051
0 0.111 0.796 0.036 0.034
0 0.2685 0.7965 0.037 0.027
0 0.2965 0.6485 0.025 0.025
0 0.328 0.657 0.012 0.02
0 0.4095 0.62 0.023 0.024
0 0.173 0.5995 0.028 0.029
0 0.22 0.605 0.032 0.042
0 0.2565 0.609 0.025 0.028
0 0.237 0.5395 0.028 0.025
0 0.214 0.5645 0.026 0.025
0 0.256 0.568 0.026 0.032
0 0.305 0.612 0.03 0.026
0 0.2905 0.5865 0.031 0.045
0 0.2635 0.642 0.027 0.028
0 0.322 0.5445 0.026 0.029
0 0.3515 0.5515 0.037 0.025
0 0.4045 0.5655 0.033 0.027
0 0.432 0.52 0.034 0.032
0 0.394 0.505 0.04 0.024
0 0.281 0.518 0.034 0.022
0 0.3225 0.4685 0.019 0.023
0 0.321 0.437 0.034 0.018
0 0.3575 0.4305 0.027 0.027
0 0.5 0.6605 0.036 0.025
0 0.532 0.647 0.026 0.018
0 0.499 0.6205 0.03 0.037
0 0.471 0.641 0.026 0.024
0 0.656 0.581 0.028 0.034
0 0.6275 0.5485 0.035 0.037
0 0.6145 0.6125 0.031 0.035
0 0.531 0.8315 0.024 0.047
0 0.5615 0.8645 0.029 0.047
0 0.591 0.864 0.024 0.048
0 0.6115 0.8295 0.021 0.023
0 0.5145 0.785 0.029 0.038
0 0.883 0.961 0.044 0.044
0 0.5765 0.6735 0.023 0.035
0 0.4255 0.7235 0.043 0.035
0 0.444 0.756 0.054 0.048
0 0.473 0.7285 0.032 0.033
0 0.5435 0.6905 0.031 0.025
0 0.448 0.694 0.028 0.028
0 0.484 0.6895 0.034 0.029
0 0.5645 0.6235 0.021 0.031
0 0.456 0.601 0.036 0.026
0 0.4475 0.5685 0.025 0.027
0 0.502 0.5505 0.022 0.023
0 0.532 0.574 0.04 0.028
0 0.5725 0.5555 0.027 0.025
0 0.485 0.5755 0.032 0.031
0 0.525 0.526 0.024 0.03
0 0.5695 0.5865 0.011 0.019
0 0.447 0.437 0.02 0.028
0 0.48 0.436 0.026 0.028
0 0.564 0.394 0.034 0.032
0 0.392 0.3845 0.02 0.019
0 0.512 0.3675 0.024 0.025
0 0.529 0.3845 0.036 0.017
0 0.432 0.3905 0.032 0.033
0 0.4725 0.3015 0.035 0.041
0 0.424 0.2125 0.026 0.047
0 0.361 0.202 0.02 0.024
0 0.484 0.1605 0.032 0.031
0 0.5145 0.138 0.027 0.018
0 0.1445 0.0125 0.031 0.023
0 0.6865 0.135 0.019 0.028
0 0.8885 0.577 0.047 0.066
0 0.9805 0.6685 0.033 0.025
0 0.2795 0.2255 0.021 0.021
0 0.42 0.436 0.024 0.032
0 0.5565 0.459 0.023 0.026
0 0.6115 0.3195 0.025 0.043
0 0.603 0.2475 0.026 0.031
0 0.664 0.2345 0.028 0.027
0 0.1265 0.042 0.029 0.032
0 0.4855 0.4675 0.041 0.017
0 0.4855 0.489 0.045 0.024
0 0.938 0.701 0.028 0.02
0 0.6475 0.314 0.021 0.024
0 0.6325 0.331 0.015 0.028
0 0.609 0.358 0.03 0.024
0 0.6305 0.3885 0.027 0.025
0 0.617 0.421 0.028 0.032
0 0.631 0.479 0.024 0.028
0 0.7185 0.472 0.011 0.012
0 0.716 0.434 0.02 0.016
0 0.6885 0.424 0.023 0.022
0 0.833 0.478 0.026 0.034
0 0.7415 0.465 0.019 0.026
0 0.873 0.418 0.03 0.036
0 0.888 0.443 0.018 0.016
0 0.86 0.3855 0.042 0.031
0 0.813 0.374 0.034 0.038
0 0.772 0.306 0.042 0.036
0 0.7895 0.323 0.037 0.032
0 0.804 0.3365 0.02 0.021
0 0.787 0.262 0.026 0.026
0 0.782 0.163 0.034 0.024
0 0.888 0.087 0.028 0.026
0 0.9275 0.063 0.023 0.024
0 0.5735 0.0735 0.103 0.143
0 0.2815 0.056 0.025 0.038
0 0.078 0.3535 0.018 0.027
0 0.2405 0.3275 0.029 0.035
0 0.2005 0.403 0.033 0.036
0 0.2265 0.4135 0.043 0.031
0 0.123 0.4045 0.018 0.019
0 0.101 0.4305 0.032 0.027
0 0.035 0.5405 0.01 0.009
0 0.203 0.647 0.04 0.034
0 0.188 0.795 0.036 0.034
0 0.214 0.811 0.034 0.032
0 0.3745 0.9295 0.019 0.039
0 0.412 0.9335 0.034 0.029
0 0.3665 0.8875 0.017 0.023
0 0.5875 0.472 0.031 0.022
0 0.586 0.428 0.018 0.032
0 0.7355 0.549 0.039 0.028
0 0.7195 0.575 0.027 0.042
0 0.677 0.511 0.024 0.03
0 0.761 0.5175 0.032 0.027
0 0.8275 0.535 0.009 0.012
0 0.5025 0.305 0.021 0.026
0 0.5245 0.275 0.037 0.018
0 0.5645 0.2515 0.029 0.025
0 0.344 0.2735 0.048 0.023
0 0.376 0.289 0.032 0.02
0 0.3205 0.291 0.029 0.026
0 0.2975 0.271 0.011 0.012
0 0.452 0.3295 0.026 0.019
0 0.411 0.3435 0.034 0.023
0 0.4505 0.36 0.021 0.028
0 0.3415 0.211 0.017 0.026
0 0.1305 0.1575 0.019 0.055
0 0.0985 0.1445 0.031 0.063
0 0.178 0.118 0.036 0.032
0 0.102 0.0235 0.044 0.043
0 0.693 0.4645 0.018 0.031
0 0.829 0.4355 0.048 0.039
0 0.3895 0.1745 0.039 0.041
0 0.2055 0.191 0.035 0.04
0 0.805 0.9665 0.042 0.033
0 0.7135 0.9325 0.021 0.033
0 0.6695 0.9745 0.049 0.047
0 0.624 0.9045 0.03 0.023
0 0.6245 0.8695 0.049 0.043
0 0.4445 0.849 0.027 0.032
0 0.1715 0.7495 0.029 0.045
0 0.056 0.686 0.026 0.042
0 0.021 0.532 0.036 0.024
0 0.06 0.373 0.03 0.026
0 0.0955 0.3855 0.021 0.023
0 0.0255 0.3875 0.031 0.025
0 0.017 0.3455 0.026 0.047
0 0.0415 0.292 0.027 0.042
0 0.2495 0.155 0.037 0.038
0 0.2825 0.141 0.045 0.052
0 0.2065 0.014 0.025 0.028
0 0.7705 0.2205 0.035 0.023
0 0.7845 0.1915 0.025 0.025
0 0.8695 0.2265 0.041 0.035
0 0.8935 0.2665 0.037 0.029
0 0.954 0.283 0.036 0.068
0 0.865 0.71 0.026 0.024
0 0.85 0.7445 0.03 0.031
0 0.9135 0.697 0.035 0.032
0 0.958 0.624 0.054 0.024
0 0.9615 0.6515 0.035 0.021
0 0.3825 0.452 0.033 0.036
0 0.277 0.5425 0.026 0.021
0 0.1015 0.319 0.037 0.03
0 0.1045 0.3535 0.029 0.025
0 0.1435 0.358 0.023 0.04
0 0.153 0.3745 0.026 0.021
0 0.1895 0.441 0.029 0.026
0 0.153 0.437 0.026 0.03
0 0.215 0.3505 0.026 0.025
0 0.1385 0.3065 0.019 0.039
0 0.0525 0.0485 0.039 0.021
0 0.0285 0.085 0.027 0.04
0 0.6355 0.2355 0.019 0.035
0 0.6325 0.2815 0.037 0.021
0 0.664 0.2895 0.016 0.023
0 0.679 0.35 0.02 0.024
0 0.7245 0.409 0.029 0.02
0 0.9095 0.5055 0.029 0.025
0 0.8565 0.54 0.023 0.012
0 0.8415 0.575 0.047 0.036
0 0.7975 0.5755 0.025 0.021
0 0.799 0.538 0.026 0.04
0 0.9565 0.432 0.029 0.032
0 0.995 0.9265 0.008 0.033
0 0.4235 0.989 0.041 0.018
0 0.012 0.028 0.022 0.022
0 0.011 0.2555 0.02 0.031
0 0.992 0.702 0.014 0.03
0 0.9915 0.5915 0.015 0.031
0 0.6125 0.984 0.031 0.028
