0 0.053 0.2235 0.018 0.019
0 0.214 0.1515 0.018 0.021
0 0.528 0.3085 0.036 0.023
0 0.569 0.2795 0.028 0.025
0 0.2785 0.7865 0.043 0.043
0 0.4245 0.664 0.029 0.042
0 0.226 0.862 0.042 0.018
0 0.2265 0.7725 0.033 0.037
0 0.929 0.935 0.024 0.038
0 0.9705 0.8615 0.025 0.023
0 0.9635 0.986 0.027 0.016
0 0.918 0.761 0.022 0.018
0 0.353 0.724 0.052 0.038
0 0.204 0.7105 0.024 0.029
0 0.7375 0.659 0.041 0.038
0 0.8005 0.607 0.035 0.038
0 0.762 0.8105 0.036 0.039
0 0.8225 0.7165 0.023 0.025
0 0.772 0.9855 0.018 0.021
0 0.6455 0.5685 0.051 0.039
0 0.636 0.4775 0.046 0.043
0 0.6345 0.2275 0.031 0.023
0 0.57 0.2325 0.018 0.015
0 0.596 0.2685 0.018 0.019
0 0.793 0.898 0.022 0.02
0 0.9175 0.605 0.037 0.022
0 0.6355 0.6945 0.033 0.047
0 0.7705 0.5375 0.043 0.035
0 0.8995 0.242 0.013 0.02
0 0.257 0.302 0.032 0.03
0 0.1145 0.323 0.023 0.018
0 0.2555 0.745 0.043 0.048
0 0.1635 0.9355 0.031 0.031
0 0.1195 0.9475 0.033 0.019
0 0.2815 0.3685 0.013 0.021
0 0.3115 0.741 0.049 0.048
0 0.0135 0.4885 0.027 0.037
0 0.6365 0.739 0.039 0.032
0 0.798 0.754 0.036 0.04
0 0.3965 0.1685 0.043 0.021
0 0.105 0.3415 0.024 0.023
0 0.27 0.588 0.052 0.038
0 0.016 0.3605 0.028 0.021
0 0.05 0.3355 0.018 0.017
0 0.0635 0.364 0.025 0.028
0 0.1125 0.4065 0.029 0.025
0 0.143 0.433 0.02 0.016
0 0.122 0.501 0.02 0.02
0 0.14 0.4885 0.018 0.015
0 0.1305 0.5255 0.019 0.015
0 0.121 0.57 0.012 0.018
0 0.0835 0.5685 0.027 0.037
0 0.0505 0.6205 0.021 0.031
0 0.0235 0.605 0.015 0.014
0 0.0305 0.567 0.033 0.03
0 0.1455 0.655 0.015 0.018
0 0.202 0.672 0.032 0.034
0 0.224 0.6285 0.048 0.043
0 0.25 0.6485 0.036 0.037
0 0.209 0.814 0.03 0.022
0 0.1625 0.8175 0.019 0.011
0 0.0975 0.836 0.043 0.022
0 0.0395 0.831 0.025 0.036
0 0.016 0.809 0.03 0.022
0 0.311 0.824 0.086 0.016
0 0.417 0.738 0.044 0.04
0 0.542 0.932 0.048 0.024
0 0.4505 0.9815 0.025 0.019
0 0.472 0.9695 0.022 0.015
0 0.5 0.978 0.034 0.02
0 0.6045 0.954 0.039 0.016
0 0.6645 0.978 0.025 0.02
0 0.7075 0.9665 0.023 0.019
0 0.717 0.929 0.03 0.014
0 0.718 0.895 0.032 0.018
0 0.6105 0.8875 0.025 0.019
0 0.597 0.871 0.022 0.018
0 0.5475 0.882 0.021 0.02
0 0.515 0.834 0.03 0.02
0 0.4775 0.846 0.031 0.02
0 0.585 0.8265 0.022 0.019
0 0.54 0.8235 0.016 0.021
0 0.7425 0.878 0.027 0.022
0 0.715 0.843 0.04 0.034
0 0.0155 0.7775 0.019 0.015
0 0.0915 0.717 0.023 0.022
0 0.1355 0.7295 0.019 0.019
0 0.662 0.9155 0.038 0.033
0 0.6315 0.9125 0.027 0.017
0 0.741 0.945 0.034 0.028
0 0.8515 0.9875 0.021 0.015
0 0.8305 0.921 0.023 0.014
0 0.8555 0.9285 0.019 0.021
0 0.877 0.9285 0.018 0.025
0 0.9005 0.9335 0.019 0.031
0 0.8425 0.8135 0.025 0.021
0 0.9035 0.8345 0.023 0.013
0 0.9725 0.8245 0.027 0.019
0 0.987 0.791 0.016 0.016
0 0.8895 0.801 0.021 0.03
0 0.93 0.752 0.014 0.024
0 0.75 0.7715 0.042 0.043
0 0.6995 0.783 0.029 0.032
0 0.6975 0.8065 0.033 0.021
0 0.654 0.782 0.028 0.02
0 0.6915 0.6875 0.041 0.037
0 0.786 0.728 0.024 0.024
0 0.8415 0.6745 0.017 0.023
0 0.8325 0.698 0.013 0.018
0 0.785 0.6675 0.044 0.045
0 0.825 0.6155 0.03 0.047
0 0.6705 0.6125 0.031 0.043
0 0.74 0.634 0.042 0.032
0 0.5425 0.6515 0.053 0.043
0 0.561 0.731 0.042 0.044
0 0.5285 0.7695 0.057 0.031
0 0.594 0.7805 0.038 0.013
0 0.519 0.698 0.028 0.034
0 0.501 0.599 0.04 0.038
0 0.4195 0.576 0.021 0.028
0 0.4565 0.558 0.045 0.04
0 0.467 0.5155 0.05 0.029
0 0.611 0.512 0.034 0.036
0 0.598 0.5485 0.028 0.027
0 0.627 0.612 0.03 0.042
0 0.567 0.5045 0.03 0.043
0 0.5695 0.4615 0.029 0.021
0 0.479 0.4905 0.048 0.015
0 0.443 0.4775 0.038 0.011
0 0.428 0.402 0.026 0.014
0 0.5025 0.379 0.027 0.018
0 0.189 0.5135 0.01 0.013
0 0.239 0.477 0.028 0.02
0 0.2095 0.4915 0.025 0.023
0 0.2625 0.461 0.019 0.014
0 0.2825 0.502 0.025 0.026
0 0.3035 0.4695 0.029 0.015
0 0.3315 0.4625 0.019 0.013
0 0.314 0.4415 0.02 0.019
0 0.3835 0.502 0.041 0.012
0 0.3935 0.49 0.031 0.012
0 0.322 0.497 0.036 0.024
0 0.414 0.4285 0.016 0.007
0 0.5055 0.416 0.033 0.026
0 0.344 0.366 0.028 0.026
0 0.2305 0.3705 0.023 0.017
0 0.2115 0.359 0.015 0.018
0 0.2565 0.3355 0.023 0.017
0 0.3035 0.2715 0.025 0.027
0 0.252 0.2525 0.032 0.029
0 0.2785 0.2145 0.027 0.033
0 0.29 0.224 0.024 0.026
0 0.3145 0.2345 0.019 0.017
0 0.36 0.208 0.014 0.022
0 0.378 0.226 0.028 0.02
0 0.3005 0.152 0.023 0.022
0 0.261 0.2155 0.018 0.017
0 0.2265 0.2065 0.015 0.015
0 0.22 0.236 0.018 0.018
0 0.153 0.1515 0.018 0.013
0 0.059 0.112 0.024 0.018
0 0.081 0.1175 0.018 0.011
0 0.0675 0.029 0.039 0.022
0 0.1615 0.0685 0.017 0.015
0 0.389 0.13 0.028 0.028
0 0.357 0.073 0.022 0.024
0 0.418 0.1035 0.022 0.019
0 0.4545 0.065 0.025 0.016
0 0.504 0.123 0.018 0.022
0 0.5565 0.1335 0.019 0.027
0 0.5785 0.1315 0.023 0.021
0 0.6475 0.112 0.023 0.022
0 0.69 0.1325 0.032 0.021
0 0.799 0.1095 0.024 0.021
0 0.8255 0.1475 0.021 0.025
0 0.831 0.0605 0.032 0.031
0 0.6705 0.0785 0.025 0.023
0 0.725 0.1125 0.026 0.023
0 0.7395 0.086 0.029 0.03
0 0.787 0.0845 0.018 0.021
0 0.8995 0.171 0.041 0.046
0 0.98 0.6765 0.03 0.021
0 0.9695 0.5655 0.021 0.019
0 0.942 0.557 0.026 0.028
0 0.924 0.5155 0.018 0.021
0 0.9505 0.5055 0.015 0.015
0 0.916 0.562 0.018 0.026
0 0.831 0.5015 0.044 0.043
0 0.747 0.505 0.03 0.036
0 0.9275 0.479 0.043 0.038
0 0.8985 0.446 0.019 0.016
0 0.8975 0.4295 0.027 0.013
0 0.942 0.444 0.038 0.026
0 0.8925 0.4835 0.039 0.033
0 0.6925 0.4795 0.035 0.027
0 0.6715 0.5035 0.023 0.033
0 0.801 0.4435 0.038 0.027
0 0.83 0.377 0.04 0.032
0 0.758 0.602 0.016 0.014
0 0.4775 0.371 0.019 0.014
0 0.5365 0.372 0.021 0.016
0 0.4775 0.414 0.021 0.016
0 0.612 0.4075 0.026 0.031
0 0.7525 0.4155 0.037 0.025
0 0.727 0.377 0.046 0.028
0 0.6795 0.331 0.035 0.024
0 0.7115 0.317 0.039 0.022
0 0.576 0.338 0.066 0.022
0 0.6355 0.376 0.023 0.012
0 0.6415 0.428 0.039 0.032
0 0.8785 0.2775 0.021 0.029
0 0.736 0.2665 0.02 0.017
0 0.67 0.27 0.028 0.026
0 0.8085 0.3215 0.025 0.017
0 0.838 0.2875 0.02 0.017
0 0.9755 0.373 0.025 0.026
0 0.9615 0.421 0.023 0.02
0 0.933 0.402 0.02 0.018
0 0.9135 0.391 0.029 0.024
0 0.8705 0.4185 0.017 0.021
0 0.899 0.326 0.03 0.028
0 0.9495 0.3235 0.019 0.019
0 0.992 0.3405 0.012 0.017
0 0.9065 0.269 0.021 0.024
0 0.7955 0.223 0.019 0.018
0 0.8145 0.211 0.021 0.022
0 0.732 0.195 0.018 0.026
0 0.668 0.1775 0.026 0.027
0 0.6335 0.1905 0.017 0.015
0 0.585 0.1105 0.048 0.025
0 0.7435 0.0095 0.027 0.019
0 0.8445 0.092 0.049 0.016
0 0.8605 0.1185 0.051 0.043
0 0.9655 0.0705 0.021 0.021
0 0.9725 0.0945 0.053 0.021
0 0.9355 0.1035 0.017 0.017
0 0.717 0.0555 0.02 0.029
0 0.5235 0.0885 0.029 0.021
0 0.4435 0.1275 0.045 0.031
0 0.352 0.1335 0.02 0.021
0 0.328 0.1595 0.014 0.019
0 0.334 0.1175 0.024 0.021
0 0.224 0.0785 0.074 0.033
0 0.329 0.0845 0.036 0.013
0 0.4575 0.047 0.065 0.018
0 0.4945 0.0865 0.021 0.025
0 0.422 0.0705 0.02 0.019
0 0.577 0.1915 0.026 0.019
0 0.5815 0.213 0.023 0.02
0 0.616 0.1645 0.058 0.031
0 0.091 0.9785 0.02 0.025
0 0.0655 0.968 0.023 0.022
0 0.0805 0.9535 0.015 0.013
0 0.025 0.949 0.026 0.016
0 0.263 0.688 0.044 0.03
0 0.3685 0.573 0.065 0.076
0 0.9455 0.791 0.021 0.028
0 0.925 0.7865 0.016 0.017
0 0.8705 0.7715 0.023 0.021
0 0.134 0.274 0.038 0.028
0 0.135 0.292 0.018 0.012
0 0.093 0.3015 0.014 0.015
0 0.0775 0.2435 0.021 0.021
0 0.0945 0.2575 0.019 0.015
0 0.099 0.227 0.014 0.016
0 0.0875 0.2085 0.023 0.015
0 0.0885 0.3485 0.013 0.021
0 0.1115 0.4525 0.013 0.017
0 0.089 0.463 0.022 0.018
0 0.1745 0.458 0.013 0.008
0 0.325 0.013 0.018 0.022
0 0.3375 0.3945 0.039 0.033
0 0.343 0.2265 0.028 0.031
0 0.21 0.2095 0.024 0.041
0 0.239 0.24 0.018 0.016
0 0.392 0.2515 0.024 0.017
0 0.459 0.3315 0.034 0.017
0 0.3915 0.3105 0.027 0.021
0 0.5135 0.3345 0.027 0.019
0 0.5905 0.379 0.023 0.016
0 0.38 0.3995 0.048 0.027
0 0.3405 0.423 0.031 0.01
0 0.813 0.187 0.02 0.02
0 0.7585 0.1985 0.019 0.015
0 0.6135 0.2115 0.023 0.011
0 0.7 0.1755 0.01 0.013
0 0.708 0.1895 0.01 0.009
0 0.871 0.2295 0.024 0.025
0 0.8595 0.2775 0.021 0.019
0 0.7515 0.2325 0.019 0.013
0 0.705 0.289 0.028 0.014
0 0.872 0.363 0.01 0.01
0 0.406 0.2015 0.018 0.015
0 0.2875 0.3155 0.019 0.023
0 0.1035 0.0555 0.063 0.035
0 0.0175 0.177 0.031 0.038
0 0.06 0.454 0.038 0.028
0 0.0815 0.613 0.017 0.014
0 0.0135 0.714 0.025 0.028
0 0.012 0.8465 0.022 0.017
0 0.2785 0.4465 0.017 0.015
0 0.2965 0.453 0.011 0.012
0 0.3745 0.445 0.013 0.016
0 0.2525 0.0135 0.017 0.023
0 0.9895 0.5315 0.017 0.031
0 0.9875 0.6275 0.021 0.029
0 0.9915 0.888 0.015 0.014
0 0.987 0.957 0.024 0.018
0 0.9015 0.9915 0.023 0.013
0 0.931 0.9895 0.024 0.017
0 0.074 0.012 0.028 0.02
0 0.6875 0.732 0.047 0.03
0 0.836 0.35 0.028 0.024
0 0.3805 0.038 0.015 0.034
