0 0.2485 0.254 0.015 0.018
0 0.585 0.006 0.014 0.01
0 0.4795 0.0995 0.027 0.025
0 0.42 0.2065 0.02 0.013
0 0.565 0.5285 0.018 0.015
0 0.9205 0.02 0.025 0.028
0 0.127 0.032 0.022 0.034
0 0.753 0.145 0.018 0.018
0 0.6305 0.172 0.017 0.022
0 0.6785 0.16 0.011 0.014
0 0.9845 0.4725 0.011 0.011
0 0.8665 0.5815 0.015 0.023
0 0.8795 0.575 0.019 0.02
0 0.8375 0.6065 0.019 0.015
0 0.626 0.0195 0.028 0.021
0 0.5575 0.823 0.021 0.014
0 0.7465 0.5525 0.021 0.023
0 0.599 0.9375 0.016 0.019
0 0.0745 0.8805 0.021 0.019
0 0.2755 0.251 0.021 0.02
0 0.5335 0.416 0.023 0.02
0 0.3985 0.5925 0.025 0.021
0 0.314 0.3695 0.016 0.015
0 0.1015 0.5215 0.025 0.019
0 0.8195 0.179 0.027 0.016
0 0.3865 0.727 0.015 0.024
0 0.6735 0.7205 0.021 0.017
0 0.9905 0.949 0.011 0.012
0 0.9745 0.938 0.015 0.012
0 0.982 0.9415 0.018 0.013
0 0.9475 0.9015 0.013 0.017
0 0.9375 0.9045 0.017 0.015
0 0.538 0.7785 0.026 0.017
0 0.544 0.7745 0.016 0.019
0 0.591 0.8295 0.018 0.011
0 0.585 0.8185 0.012 0.015
0 0.777 0.6565 0.024 0.013
0 0.9185 0.228 0.013 0.01
0 0.858 0.521 0.01 0.012
0 0.665 0.6465 0.028 0.027
0 0.6095 0.659 0.027 0.032
0 0.6085 0.6295 0.023 0.033
0 0.9105 0.7195 0.025 0.029
0 0.774 0.695 0.01 0.012
0 0.7645 0.7 0.017 0.018
0 0.267 0.673 0.012 0.018
0 0.562 0.017 0.016 0.016
0 0.0505 0.3545 0.011 0.009
0 0.4065 0.991 0.027 0.016
0 0.254 0.47 0.018 0.016
0 0.49 0.2945 0.02 0.015
0 0.0465 0.455 0.019 0.014
0 0.485 0.5225 0.022 0.021
0 0.589 0.5525 0.022 0.025
0 0.827 0.6835 0.03 0.025
0 0.918 0.6685 0.022 0.023
0 0.988 0.3945 0.016 0.011
0 0.9655 0.26 0.019 0.018
0 0.695 0.1815 0.022 0.017
0 0.469 0.764 0.022 0.028
0 0.439 0.6975 0.024 0.021
0 0.4555 0.6835 0.017 0.021
0 0.7115 0.7365 0.033 0.027
0 0.7775 0.827 0.031 0.016
0 0.8305 0.8195 0.025 0.019
0 0.7035 0.934 0.027 0.028
0 0.779 0.978 0.02 0.028
0 0.9575 0.814 0.011 0.012
0 0.9655 0.8195 0.011 0.011
0 0.8885 0.7725 0.033 0.027
0 0.8775 0.8035 0.019 0.017
0 0.7445 0.8935 0.017 0.027
0 0.1695 0.843 0.019 0.024
0 0.3005 0.8595 0.031 0.027
0 0.208 0.5515 0.02 0.017
0 0.4225 0.8035 0.009 0.019
0 0.404 0.828 0.016 0.024
0 0.3285 0.826 0.029 0.032
0 0.2335 0.143 0.027 0.016
0 0.2445 0.131 0.015 0.02
0 0.4435 0.2635 0.027 0.029
0 0.9065 0.278 0.009 0.01
0 0.878 0.492 0.02 0.026
0 0.9365 0.449 0.027 0.026
0 0.6675 0.743 0.011 0.016
0 0.989 0.603 0.02 0.028
0 0.988 0.519 0.02 0.018
0 0.2905 0.9345 0.015 0.017
0 0.252 0.9445 0.022 0.011
0 0.6155 0.987 0.017 0.014
0 0.639 0.979 0.022 0.022
0 0.6045 0.8565 0.011 0.015
0 0.889 0.846 0.016 0.02
0 0.8505 0.853 0.025 0.02
0 0.349 0.722 0.026 0.018
0 0.409 0.7155 0.02 0.013
0 0.3695 0.7155 0.019 0.013
0 0.643 0.6955 0.02 0.019
0 0.6745 0.5235 0.019 0.021
0 0.6805 0.4425 0.019 0.021
0 0.523 0.561 0.016 0.016
0 0.646 0.2365 0.024 0.027
0 0.472 0.224 0.022 0.016
0 0.1495 0.761 0.009 0.012
0 0.68 0.845 0.026 0.018
0 0.661 0.8545 0.014 0.015
0 0.3315 0.7365 0.019 0.015
0 0.5565 0.691 0.011 0.012
0 0.578 0.6985 0.01 0.007
0 0.7325 0.6035 0.013 0.013
0 0.7275 0.612 0.007 0.006
0 0.5125 0.512 0.021 0.02
0 0.1975 0.477 0.015 0.018
0 0.2415 0.49 0.013 0.012
0 0.9065 0.064 0.017 0.018
0 0.9855 0.3685 0.017 0.015
0 0.896 0.413 0.014 0.012
0 0.564 0.162 0.018 0.018
0 0.781 0.2045 0.016 0.009
0 0.8 0.1675 0.014 0.015
0 0.694 0.817 0.018 0.012
0 0.612 0.794 0.018 0.014
0 0.6705 0.7725 0.017 0.009
0 0.781 0.792 0.014 0.014
0 0.3465 0.9635 0.025 0.033
0 0.2485 0.9555 0.019 0.013
0 0.781 0.8815 0.012 0.015
0 0.808 0.843 0.014 0.01
0 0.872 0.1465 0.016 0.021
0 0.8815 0.122 0.025 0.022
0 0.2925 0.715 0.021 0.018
0 0.988 0.0885 0.022 0.015
0 0.3425 0.427 0.035 0.032
0 0.2765 0.551 0.029 0.024
0 0.458 0.569 0.026 0.038
0 0.106 0.8305 0.022 0.023
0 0.047 0.257 0.038 0.036
0 0.1835 0.0275 0.031 0.035
0 0.522 0.036 0.038 0.046
0 0.654 0.058 0.026 0.026
0 0.628 0.058 0.024 0.02
0 0.7675 0.029 0.019 0.018
0 0.858 0.0995 0.024 0.017
0 0.919 0.1 0.026 0.018
0 0.9495 0.41 0.017 0.022
0 0.944 0.4995 0.026 0.021
0 0.856 0.4845 0.018 0.029
0 0.845 0.4745 0.016 0.019
0 0.784 0.6035 0.026 0.027
0 0.716 0.6275 0.026 0.025
0 0.3415 0.466 0.025 0.024
0 0.9605 0.6475 0.033 0.031
0 0.945 0.6215 0.02 0.015
0 0.8495 0.5885 0.011 0.013
0 0.702 0.47 0.024 0.026
0 0.647 0.3365 0.028 0.023
0 0.6815 0.335 0.023 0.026
0 0.6095 0.362 0.023 0.026
0 0.4705 0.3425 0.021 0.023
0 0.143 0.4475 0.02 0.023
0 0.1585 0.6565 0.027 0.029
0 0.1675 0.7025 0.021 0.015
0 0.0745 0.7665 0.023 0.025
0 0.246 0.4035 0.028 0.031
0 0.3205 0.0895 0.023 0.017
0 0.2005 0.944 0.035 0.012
0 0.432 0.472 0.014 0.024
0 0.446 0.4445 0.026 0.023
0 0.444 0.4195 0.02 0.019
0 0.38 0.512 0.014 0.02
0 0.3875 0.533 0.015 0.016
0 0.2995 0.702 0.021 0.026
0 0.3675 0.768 0.025 0.024
0 0.355 0.8025 0.028 0.023
0 0.2595 0.7845 0.021 0.019
0 0.269 0.843 0.028 0.034
0 0.192 0.2665 0.018 0.025
0 0.3055 0.029 0.025 0.028
0 0.381 0.0875 0.042 0.029
0 0.4735 0.169 0.033 0.026
0 0.3745 0.32 0.027 0.024
0 0.218 0.36 0.018 0.018
0 0.2385 0.343 0.023 0.02
0 0.187 0.75 0.018 0.016
0 0.271 0.7485 0.01 0.015
0 0.3 0.7635 0.02 0.017
0 0.51 0.3695 0.022 0.013
0 0.556 0.356 0.016 0.022
0 0.532 0.3705 0.026 0.019
0 0.5845 0.1205 0.025 0.019
0 0.666 0.1265 0.012 0.013
0 0.9755 0.209 0.029 0.024
0 0.9515 0.7055 0.025 0.025
0 0.9125 0.7985 0.035 0.027
0 0.8395 0.8705 0.031 0.013
0 0.8065 0.9225 0.033 0.019
0 0.5495 0.9515 0.027 0.019
0 0.5805 0.916 0.021 0.016
0 0.0475 0.856 0.023 0.028
0 0.0165 0.86 0.023 0.02
0 0.0345 0.849 0.013 0.018
0 0.0555 0.9175 0.019 0.027
0 0.0255 0.913 0.023 0.022
0 0.193 0.8065 0.028 0.015
0 0.1635 0.807 0.013 0.014
0 0.365 0.256 0.03 0.028
0 0.3865 0.153 0.021 0.034
0 0.235 0.228 0.034 0.038
0 0.34 0.535 0.02 0.026
0 0.3775 0.6335 0.033 0.025
0 0.287 0.6445 0.02 0.021
0 0.237 0.706 0.03 0.016
0 0.187 0.727 0.018 0.014
0 0.016 0.776 0.016 0.03
0 0.5315 0.4755 0.017 0.019
0 0.575 0.4655 0.024 0.021
0 0.5585 0.489 0.017 0.024
0 0.047 0.1285 0.022 0.019
0 0.5855 0.1985 0.021 0.027
0 0.5975 0.2145 0.009 0.007
0 0.803 0.2785 0.024 0.023
0 0.418 0.865 0.032 0.03
0 0.0115 0.7295 0.021 0.025
0 0.464 0.925 0.016 0.014
0 0.4875 0.6495 0.025 0.027
0 0.5005 0.5435 0.019 0.027
0 0.561 0.3955 0.018 0.019
0 0.746 0.3895 0.028 0.021
0 0.7465 0.4375 0.027 0.021
0 0.832 0.432 0.026 0.022
0 0.8275 0.5115 0.027 0.037
0 0.852 0.554 0.022 0.02
0 0.837 0.5525 0.012 0.015
0 0.88 0.5475 0.022 0.033
0 0.8435 0.6605 0.027 0.025
0 0.7845 0.752 0.033 0.02
0 0.737 0.8045 0.026 0.019
0 0.702 0.8785 0.026 0.027
0 0.649 0.8705 0.024 0.027
0 0.5735 0.8485 0.027 0.021
0 0.557 0.8105 0.018 0.021
0 0.6525 0.9255 0.015 0.013
0 0.5165 0.959 0.027 0.022
0 0.3235 0.9365 0.023 0.021
0 0.2615 0.94 0.025 0.016
0 0.107 0.9565 0.024 0.027
0 0.0695 0.9775 0.025 0.019
0 0.008 0.9865 0.016 0.025
0 0.157 0.0665 0.016 0.019
0 0.105 0.069 0.02 0.034
0 0.016 0.1 0.02 0.024
0 0.0165 0.074 0.021 0.024
0 0.618 0.2065 0.012 0.011
0 0.7265 0.022 0.025 0.03
0 0.764 0.08 0.018 0.022
0 0.8275 0.0765 0.025 0.019
0 0.742 0.204 0.018 0.014
0 0.71 0.215 0.03 0.02
0 0.786 0.539 0.02 0.028
0 0.7705 0.527 0.013 0.022
0 0.7725 0.541 0.011 0.016
0 0.62 0.767 0.012 0.02
0 0.6285 0.7645 0.007 0.011
0 0.541 0.634 0.014 0.018
0 0.539 0.6495 0.012 0.017
0 0.517 0.6825 0.01 0.011
0 0.5935 0.722 0.027 0.024
0 0.649 0.7385 0.024 0.015
0 0.6445 0.728 0.015 0.022
0 0.7485 0.7355 0.007 0.009
0 0.762 0.7295 0.018 0.023
0 0.662 0.5605 0.024 0.021
0 0.649 0.496 0.024 0.022
0 0.7255 0.2595 0.029 0.031
0 0.74 0.24 0.028 0.026
0 0.751 0.3155 0.022 0.029
0 0.898 0.5175 0.016 0.019
0 0.9025 0.512 0.011 0.012
0 0.604 0.399 0.016 0.016
0 0.6085 0.385 0.011 0.008
0 0.561 0.261 0.012 0.01
0 0.224 0.536 0.012 0.018
0 0.414 0.44 0.018 0.016
0 0.0145 0.445 0.015 0.012
0 0.027 0.4365 0.012 0.015
0 0.0835 0.8965 0.019 0.015
0 0.351 0.8865 0.032 0.031
0 0.504 0.718 0.016 0.012
0 0.508 0.7285 0.022 0.015
0 0.66 0.97 0.018 0.026
0 0.7295 0.947 0.019 0.026
0 0.8705 0.916 0.025 0.026
0 0.935 0.9705 0.02 0.025
0 0.951 0.983 0.02 0.012
0 0.9265 0.9775 0.011 0.019
0 0.9365 0.9515 0.009 0.021
0 0.915 0.8995 0.018 0.027
0 0.938 0.7395 0.024 0.021
0 0.903 0.6205 0.014 0.011
0 0.955 0.5595 0.026 0.023
0 0.3465 0.696 0.015 0.01
0 0.3805 0.695 0.025 0.014
0 0.3605 0.697 0.023 0.016
0 0.4045 0.548 0.017 0.02
0 0.1835 0.07 0.011 0.018
0 0.917 0.3125 0.014 0.009
0 0.9405 0.3075 0.021 0.011
0 0.923 0.323 0.03 0.028
0 0.291 0.3805 0.03 0.025
0 0.181 0.4185 0.02 0.021
0 0.0845 0.398 0.021 0.01
0 0.0725 0.404 0.009 0.008
0 0.061 0.4085 0.014 0.013
0 0.1775 0.1145 0.027 0.031
0 0.275 0.075 0.016 0.024
0 0.195 0.119 0.01 0.014
0 0.0585 0.657 0.021 0.028
0 0.0815 0.647 0.029 0.022
0 0.304 0.9725 0.018 0.025
0 0.2785 0.935 0.017 0.02
0 0.497 0.8705 0.012 0.011
0 0.8625 0.0395 0.017 0.017
0 0.862 0.048 0.026 0.02
0 0.769 0.02 0.018 0.018
0 0.763 0.2865 0.022 0.015
0 0.807 0.332 0.03 0.026
0 0.498 0.798 0.014 0.01
0 0.4815 0.811 0.011 0.016
0 0.1965 0.1555 0.019 0.035
0 0.327 0.1935 0.034 0.037
0 0.5235 0.3255 0.021 0.023
0 0.6665 0.106 0.013 0.026
0 0.7875 0.0115 0.015 0.013
0 0.3915 0.069 0.031 0.028
0 0.0945 0.0785 0.021 0.029
0 0.806 0.443 0.016 0.018
0 0.8605 0.239 0.017 0.018
0 0.7635 0.2145 0.013 0.019
0 0.796 0.4495 0.016 0.015
0 0.298 0.3295 0.014 0.017
0 0.174 0.303 0.026 0.036
0 0.7065 0.6735 0.037 0.037
