0 0.103 0.1075 0.036 0.033
0 0.0715 0.123 0.035 0.038
0 0.0105 0.128 0.019 0.03
0 0.0105 0.165 0.013 0.03
0 0.052 0.1565 0.024 0.029
0 0.0295 0.1495 0.021 0.027
0 0.031 0.18 0.034 0.026
0 0.0605 0.1855 0.031 0.027
0 0.02 0.2125 0.032 0.033
0 0.0465 0.2165 0.033 0.039
0 0.073 0.2215 0.03 0.031
0 0.094 0.2315 0.036 0.035
0 0.124 0.2655 0.024 0.031
0 0.1505 0.2665 0.035 0.033
0 0.2065 0.26 0.027 0.032
0 0.15 0.2935 0.032 0.027
0 0.178 0.305 0.026 0.032
0 0.202 0.308 0.03 0.036
0 0.2405 0.3105 0.033 0.025
0 0.236 0.336 0.034 0.032
0 0.0965 0.049 0.037 0.038
0 0.0805 0.0135 0.033 0.023
0 0.1505 0.057 0.035 0.024
0 0.185 0.0485 0.042 0.033
0 0.176 0.085 0.034 0.03
0 0.263 0.051 0.042 0.034
0 0.234 0.061 0.034 0.03
0 0.314 0.0495 0.038 0.035
0 0.35 0.0525 0.034 0.031
0 0.388 0.037 0.038 0.03
0 0.41 0.0235 0.026 0.025
0 0.4345 0.014 0.029 0.024
0 0.463 0.0845 0.036 0.031
0 0.4585 0.007 0.031 0.012
0 0.4905 0.01 0.029 0.018
0 0.511 0.016 0.024 0.02
0 0.527 0.0145 0.026 0.023
0 0.554 0.015 0.032 0.024
0 0.594 0.018 0.042 0.03
0 0.631 0.0215 0.032 0.023
0 0.669 0.0365 0.034 0.025
0 0.69 0.0325 0.03 0.019
0 0.7255 0.0345 0.039 0.027
0 0.7505 0.0605 0.031 0.031
0 0.78 0.0705 0.032 0.041
0 0.8215 0.058 0.035 0.036
0 0.8625 0.0205 0.033 0.035
0 0.8715 0.047 0.029 0.018
0 0.9595 0.0225 0.025 0.023
0 0.934 0.037 0.02 0.018
0 0.977 0.04 0.03 0.026
0 0.98 0.0075 0.03 0.013
0 0.985 0.0655 0.026 0.029
0 0.936 0.091 0.034 0.04
0 0.9055 0.08 0.031 0.036
0 0.906 0.122 0.032 0.04
0 0.8755 0.119 0.035 0.04
0 0.8505 0.108 0.039 0.032
0 0.856 0.093 0.034 0.03
0 0.8365 0.1685 0.037 0.029
0 0.853 0.1965 0.038 0.033
0 0.922 0.2155 0.036 0.037
0 0.2075 0.092 0.035 0.024
0 0.2375 0.0955 0.027 0.023
0 0.266 0.0985 0.026 0.025
0 0.2905 0.0995 0.029 0.029
0 0.318 0.104 0.034 0.036
0 0.423 0.1125 0.032 0.023
0 0.495 0.0785 0.026 0.029
0 0.519 0.067 0.032 0.026
0 0.555 0.0585 0.032 0.027
0 0.5865 0.0625 0.035 0.027
0 0.6115 0.063 0.027 0.02
0 0.6625 0.0805 0.035 0.033
0 0.6985 0.063 0.019 0.03
0 0.726 0.087 0.024 0.016
0 0.744 0.129 0.024 0.02
0 0.7285 0.112 0.029 0.024
0 0.671 0.1555 0.034 0.037
0 0.682 0.1815 0.022 0.025
0 0.6965 0.1635 0.021 0.017
0 0.7015 0.222 0.023 0.03
0 0.818 0.263 0.032 0.028
0 0.886 0.2935 0.034 0.031
0 0.8795 0.2645 0.037 0.029
0 0.952 0.2295 0.026 0.025
0 0.9795 0.215 0.027 0.02
0 0.972 0.24 0.034 0.036
0 0.986 0.2605 0.024 0.021
0 0.864 0.312 0.03 0.014
0 0.8155 0.327 0.019 0.018
0 0.7895 0.3085 0.025 0.021
0 0.7165 0.312 0.031 0.03
0 0.7235 0.3655 0.027 0.039
0 0.6895 0.389 0.035 0.032
0 0.6605 0.4065 0.033 0.033
0 0.6235 0.3955 0.035 0.033
0 0.656 0.4325 0.032 0.031
0 0.6855 0.4315 0.031 0.027
0 0.7175 0.422 0.027 0.018
0 0.8025 0.4505 0.037 0.043
0 0.764 0.425 0.048 0.042
0 0.6335 0.449 0.031 0.032
0 0.543 0.085 0.054 0.038
0 0.4985 0.127 0.035 0.036
0 0.525 0.142 0.036 0.04
0 0.5675 0.167 0.037 0.028
0 0.5535 0.126 0.035 0.03
0 0.623 0.172 0.048 0.044
0 0.482 0.1045 0.05 0.029
0 0.44 0.157 0.034 0.03
0 0.4145 0.202 0.033 0.034
0 0.448 0.225 0.036 0.032
0 0.3195 0.1455 0.033 0.031
0 0.339 0.18 0.032 0.034
0 0.339 0.213 0.032 0.03
0 0.366 0.1775 0.024 0.039
0 0.2925 0.2415 0.029 0.033
0 0.275 0.264 0.024 0.024
0 0.313 0.2745 0.032 0.031
0 0.336 0.27 0.026 0.024
0 0.3745 0.2615 0.029 0.033
0 0.404 0.252 0.024 0.026
0 0.4275 0.25 0.029 0.026
0 0.471 0.2655 0.04 0.057
0 0.4335 0.28 0.037 0.032
0 0.399 0.2825 0.032 0.031
0 0.42 0.309 0.034 0.024
0 0.354 0.295 0.032 0.026
0 0.2945 0.3105 0.017 0.025
0 0.268 0.335 0.04 0.03
0 0.242 0.29 0.032 0.024
0 0.2705 0.3055 0.029 0.025
0 0.262 0.2755 0.03 0.029
0 0.2905 0.288 0.033 0.03
0 0.324 0.3575 0.028 0.031
0 0.289 0.371 0.03 0.032
0 0.259 0.364 0.028 0.032
0 0.268 0.394 0.036 0.036
0 0.297 0.408 0.036 0.036
0 0.327 0.409 0.034 0.038
0 0.339 0.3785 0.036 0.031
0 0.3585 0.399 0.027 0.038
0 0.3815 0.4145 0.027 0.027
0 0.381 0.385 0.028 0.03
0 0.366 0.3605 0.028 0.033
0 0.3815 0.338 0.031 0.032
0 0.395 0.361 0.032 0.032
0 0.409 0.392 0.026 0.038
0 0.428 0.4175 0.026 0.029
0 0.447 0.3985 0.024 0.029
0 0.447 0.3665 0.028 0.027
0 0.403 0.3295 0.026 0.027
0 0.4365 0.3385 0.031 0.031
0 0.4555 0.321 0.027 0.026
0 0.481 0.307 0.036 0.026
0 0.5155 0.327 0.033 0.036
0 0.501 0.274 0.03 0.03
0 0.5265 0.2705 0.029 0.021
0 0.558 0.2665 0.032 0.025
0 0.587 0.296 0.032 0.028
0 0.5425 0.304 0.037 0.034
0 0.4655 0.351 0.027 0.03
0 0.4805 0.384 0.029 0.038
0 0.502 0.366 0.026 0.026
0 0.504 0.3905 0.022 0.025
0 0.528 0.384 0.04 0.036
0 0.5555 0.3985 0.029 0.025
0 0.5715 0.3795 0.025 0.025
0 0.5285 0.3435 0.029 0.029
0 0.5965 0.3595 0.023 0.025
0 0.4975 0.4145 0.023 0.029
0 0.472 0.415 0.018 0.02
0 0.467 0.4405 0.024 0.031
0 0.495 0.445 0.03 0.03
0 0.3485 0.4915 0.027 0.041
0 0.5305 0.4175 0.035 0.029
0 0.3615 0.43 0.041 0.026
0 0.6365 0.2965 0.053 0.029
0 0.687 0.2925 0.042 0.033
0 0.7515 0.2075 0.041 0.055
0 0.61 0.226 0.024 0.018
0 0.736 0.2675 0.02 0.021
0 0.754 0.2745 0.022 0.023
0 0.0355 0.2905 0.019 0.021
0 0.032 0.271 0.028 0.02
0 0.022 0.281 0.02 0.018
0 0.0395 0.364 0.027 0.04
0 0.0675 0.386 0.033 0.034
0 0.044 0.415 0.032 0.038
0 0.0865 0.414 0.033 0.032
0 0.143 0.396 0.04 0.02
0 0.1765 0.3885 0.031 0.033
0 0.1495 0.423 0.031 0.024
0 0.106 0.4385 0.034 0.041
0 0.0175 0.384 0.035 0.042
0 0.2685 0.464 0.037 0.032
0 0.283 0.499 0.038 0.036
0 0.256 0.5315 0.046 0.035
0 0.222 0.539 0.034 0.028
0 0.2065 0.5135 0.035 0.033
0 0.174 0.5025 0.034 0.033
0 0.19 0.4705 0.03 0.039
0 0.214 0.4555 0.034 0.031
0 0.2375 0.448 0.033 0.028
0 0.012 0.522 0.02 0.032
0 0.029 0.544 0.034 0.026
0 0.043 0.5575 0.024 0.021
0 0.0885 0.558 0.037 0.032
0 0.1255 0.578 0.037 0.036
0 0.1035 0.5905 0.039 0.029
0 0.1645 0.623 0.033 0.03
0 0.1775 0.644 0.033 0.032
0 0.145 0.653 0.034 0.028
0 0.202 0.6545 0.032 0.031
0 0.234 0.6685 0.024 0.033
0 0.2975 0.637 0.041 0.034
0 0.3125 0.594 0.031 0.036
0 0.3375 0.5925 0.029 0.031
0 0.3595 0.5905 0.025 0.031
0 0.391 0.605 0.038 0.04
0 0.427 0.645 0.026 0.032
0 0.4365 0.6295 0.023 0.029
0 0.4565 0.65 0.031 0.032
0 0.525 0.633 0.032 0.03
0 0.5595 0.6395 0.037 0.033
0 0.5885 0.649 0.027 0.03
0 0.5665 0.659 0.027 0.026
0 0.6185 0.664 0.025 0.038
0 0.601 0.6785 0.026 0.027
0 0.6485 0.6575 0.033 0.027
0 0.6685 0.641 0.029 0.024
0 0.642 0.632 0.032 0.024
0 0.594 0.455 0.04 0.028
0 0.557 0.494 0.038 0.034
0 0.585 0.473 0.042 0.022
0 0.5625 0.4625 0.039 0.035
0 0.5505 0.5355 0.033 0.037
0 0.5955 0.5405 0.039 0.031
0 0.571 0.552 0.028 0.026
0 0.625 0.5505 0.028 0.033
0 0.652 0.544 0.036 0.034
0 0.66 0.5725 0.036 0.033
0 0.698 0.567 0.032 0.036
0 0.717 0.575 0.03 0.028
0 0.745 0.551 0.032 0.036
0 0.782 0.538 0.03 0.03
0 0.8005 0.5145 0.033 0.031
0 0.8075 0.4895 0.021 0.027
0 0.867 0.4575 0.03 0.033
0 0.9285 0.4205 0.035 0.029
0 0.9385 0.4005 0.023 0.025
0 0.9695 0.406 0.029 0.038
0 0.984 0.338 0.028 0.034
0 0.9775 0.3085 0.031 0.031
0 0.9005 0.428 0.039 0.026
0 0.879 0.5295 0.028 0.029
0 0.86 0.511 0.024 0.026
0 0.864 0.4875 0.022 0.029
0 0.9 0.5225 0.03 0.031
0 0.932 0.5525 0.032 0.031
0 0.961 0.577 0.03 0.026
0 0.9845 0.5775 0.027 0.029
0 0.981 0.635 0.032 0.036
0 0.935 0.604 0.028 0.032
0 0.9085 0.585 0.023 0.022
0 0.8845 0.5775 0.033 0.033
0 0.8445 0.569 0.031 0.026
0 0.821 0.5755 0.024 0.029
0 0.7995 0.5835 0.025 0.019
0 0.762 0.6135 0.038 0.027
0 0.776 0.6355 0.036 0.033
0 0.7725 0.668 0.031 0.026
0 0.881 0.6995 0.038 0.035
0 0.937 0.71 0.03 0.03
0 0.9625 0.7045 0.027 0.023
0 0.985 0.714 0.022 0.02
0 0.951 0.7415 0.028 0.029
0 0.9215 0.7565 0.031 0.021
0 0.884 0.7625 0.04 0.031
0 0.9045 0.7845 0.031 0.031
0 0.8445 0.6875 0.027 0.027
0 0.817 0.697 0.034 0.038
0 0.6995 0.681 0.037 0.038
0 0.701 0.734 0.04 0.038
0 0.6685 0.7285 0.029 0.025
0 0.613 0.7195 0.034 0.027
0 0.622 0.743 0.034 0.022
0 0.6685 0.758 0.037 0.016
0 0.821 0.8045 0.034 0.035
0 0.807 0.7555 0.024 0.023
0 0.8135 0.73 0.033 0.014
0 0.8445 0.74 0.043 0.03
0 0.842 0.7625 0.034 0.021
0 0.873 0.82 0.04 0.028
0 0.889 0.8405 0.034 0.027
0 0.946 0.841 0.026 0.03
0 0.9245 0.869 0.039 0.034
0 0.932 0.8895 0.034 0.035
0 0.985 0.897 0.024 0.026
0 0.969 0.8715 0.03 0.033
0 0.987 0.861 0.024 0.036
0 0.9785 0.9805 0.033 0.035
0 0.909 0.9655 0.038 0.029
0 0.8715 0.959 0.039 0.038
0 0.871 0.9295 0.03 0.023
0 0.9 0.9335 0.026 0.025
0 0.9285 0.933 0.035 0.03
0 0.9515 0.951 0.029 0.022
0 0.865 0.986 0.024 0.024
0 0.8375 0.95 0.031 0.03
0 0.7835 0.946 0.033 0.03
0 0.768 0.973 0.026 0.034
0 0.7435 0.951 0.031 0.032
0 0.7075 0.9835 0.029 0.025
0 0.6975 0.967 0.021 0.03
0 0.679 0.989 0.026 0.016
0 0.629 0.958 0.032 0.034
0 0.542 0.978 0.036 0.04
0 0.567 0.9705 0.028 0.033
0 0.5675 0.9315 0.031 0.037
0 0.571 0.891 0.03 0.03
0 0.5035 0.9815 0.033 0.031
0 0.472 0.9745 0.038 0.029
0 0.468 0.9465 0.034 0.033
0 0.4295 0.9335 0.027 0.031
0 0.4065 0.9025 0.033 0.033
0 0.414 0.866 0.032 0.028
0 0.385 0.863 0.028 0.026
0 0.474 0.8705 0.016 0.019
0 0.5485 0.8565 0.037 0.027
0 0.5795 0.828 0.035 0.028
0 0.5305 0.8125 0.031 0.029
0 0.5585 0.82 0.037 0.016
0 0.629 0.8595 0.036 0.035
0 0.6815 0.864 0.035 0.022
0 0.7375 0.864 0.029 0.03
0 0.719 0.873 0.036 0.032
0 0.769 0.8795 0.034 0.025
0 0.8035 0.893 0.033 0.03
0 0.7715 0.896 0.033 0.024
0 0.8325 0.893 0.035 0.024
0 0.8665 0.8875 0.041 0.037
0 0.8845 0.867 0.035 0.032
0 0.9025 0.891 0.033 0.032
0 0.791 0.7985 0.028 0.029
0 0.7655 0.7845 0.031 0.023
0 0.712 0.7785 0.03 0.023
0 0.737 0.7875 0.036 0.025
0 0.726 0.709 0.032 0.04
0 0.5295 0.6645 0.031 0.027
0 0.5275 0.6885 0.031 0.021
0 0.5085 0.6815 0.021 0.025
0 0.483 0.6825 0.036 0.031
0 0.452 0.6695 0.024 0.019
0 0.5055 0.718 0.027 0.032
0 0.526 0.7135 0.02 0.027
0 0.3175 0.677 0.027 0.034
0 0.323 0.709 0.026 0.028
0 0.297 0.7255 0.03 0.031
0 0.304 0.755 0.032 0.03
0 0.2685 0.7365 0.031 0.033
0 0.278 0.702 0.028 0.04
0 0.2475 0.7015 0.027 0.043
0 0.3455 0.694 0.033 0.052
0 0.354 0.668 0.024 0.032
0 0.162 0.702 0.036 0.04
0 0.184 0.724 0.034 0.036
0 0.195 0.776 0.036 0.036
0 0.1445 0.772 0.035 0.036
0 0.0495 0.7045 0.031 0.037
0 0.0185 0.707 0.029 0.032
0 0.0135 0.6885 0.021 0.033
0 0.079 0.7315 0.036 0.029
0 0.1145 0.75 0.029 0.026
0 0.179 0.795 0.032 0.02
0 0.138 0.814 0.042 0.04
0 0.1655 0.8425 0.037 0.031
0 0.183 0.876 0.038 0.032
0 0.267 0.871 0.032 0.03
0 0.2765 0.971 0.043 0.038
0 0.311 0.988 0.038 0.018
0 0.332 0.8235 0.036 0.037
0 0.3145 0.806 0.027 0.028
0 0.2895 0.7975 0.037 0.031
0 0.3585 0.8385 0.021 0.023
0 0.3685 0.857 0.023 0.04
0 0.171 0.9065 0.028 0.033
0 0.132 0.9285 0.038 0.033
0 0.09 0.955 0.046 0.036
0 0.1805 0.9815 0.039 0.029
0 0.246 0.95 0.034 0.034
0 0.2485 0.9225 0.023 0.031
0 0.1485 0.9875 0.031 0.019
0 0.057 0.9345 0.034 0.037
0 0.0235 0.934 0.039 0.038
0 0.0395 0.921 0.039 0.036
0 0.018 0.887 0.034 0.042
0 0.007 0.9085 0.014 0.033
0 0.0455 0.862 0.033 0.042
0 0.0565 0.833 0.027 0.036
0 0.025 0.8225 0.032 0.029
0 0.0165 0.852 0.027 0.034
0 0.1005 0.789 0.033 0.028
0 0.076 0.7855 0.038 0.027
0 0.0465 0.8 0.035 0.034
0 0.048 0.7635 0.038 0.029
0 0.0095 0.8045 0.015 0.035
0 0.022 0.766 0.028 0.034
0 0.0235 0.7365 0.031 0.037
0 0.0065 0.773 0.011 0.036
0 0.083 0.82 0.024 0.034
0 0.224 0.8205 0.026 0.045
0 0.2685 0.836 0.027 0.04
0 0.45 0.764 0.022 0.026
0 0.4145 0.7615 0.025 0.025
0 0.6725 0.895 0.035 0.028
0 0.6345 0.8975 0.037 0.033
0 0.622 0.929 0.022 0.024
0 0.6945 0.896 0.021 0.026
0 0.801 0.9765 0.032 0.039
0 0.5345 0.5265 0.039 0.035
0 0.4935 0.505 0.021 0.032
0 0.6705 0.2415 0.023 0.025
0 0.549 0.2365 0.026 0.021
0 0.4765 0.1835 0.019 0.027
0 0.4965 0.181 0.027 0.018
0 0.4515 0.203 0.033 0.022
0 0.472 0.2255 0.022 0.025
0 0.427 0.0485 0.022 0.029
0 0.1465 0.0865 0.037 0.031
0 0.26 0.5825 0.024 0.033
0 0.2985 0.6085 0.035 0.035
0 0.495 0.649 0.028 0.034
0 0.1515 0.3285 0.027 0.023
0 0.0655 0.3505 0.033 0.035
0 0.115 0.38 0.028 0.03
0 0.064 0.441 0.036 0.032
0 0.585 0.3925 0.03 0.033
0 0.7345 0.4 0.033 0.014
0 0.791 0.1465 0.054 0.053
0 0.736 0.1585 0.044 0.027
0 0.835 0.2235 0.036 0.035
0 0.062 0.051 0.016 0.02
0 0.929 0.1665 0.018 0.023
0 0.5945 0.6025 0.023 0.015
0 0.436 0.556 0.03 0.024
0 0.408 0.5515 0.014 0.009
