0 0.12 0.092 0.052 0.038
0 0.094 0.089 0.038 0.04
0 0.0765 0.0705 0.037 0.059
0 0.0115 0.283 0.023 0.03
0 0.0595 0.2885 0.031 0.033
0 0.085 0.2795 0.022 0.021
0 0.0935 0.2495 0.045 0.043
0 0.0975 0.197 0.059 0.07
0 0.135 0.223 0.054 0.056
0 0.1485 0.135 0.047 0.038
0 0.1545 0.1655 0.047 0.035
0 0.1855 0.1315 0.037 0.039
0 0.204 0.117 0.028 0.03
0 0.504 0.0775 0.054 0.033
0 0.5405 0.059 0.039 0.03
0 0.524 0.0335 0.038 0.019
0 0.5435 0.01 0.039 0.02
0 0.5755 0.022 0.051 0.026
0 0.62 0.006 0.032 0.012
0 0.655 0.0035 0.038 0.007
0 0.3055 0.191 0.021 0.024
0 0.3325 0.1825 0.015 0.017
0 0.3225 0.1875 0.019 0.023
0 0.638 0.029 0.02 0.018
0 0.638 0.049 0.016 0.024
0 0.648 0.051 0.01 0.024
0 0.627 0.083 0.024 0.014
0 0.6385 0.084 0.021 0.012
0 0.6685 0.026 0.015 0.016
0 0.6795 0.0195 0.027 0.017
0 0.662 0.056 0.016 0.028
0 0.6815 0.0495 0.021 0.025
0 0.6725 0.06 0.015 0.026
0 0.6985 0.068 0.031 0.024
0 0.7575 0.086 0.031 0.038
0 0.784 0.0745 0.042 0.049
0 0.708 0.049 0.032 0.022
0 0.7305 0.062 0.025 0.044
0 0.635 0.135 0.03 0.028
0 0.665 0.134 0.04 0.034
0 0.6905 0.1555 0.057 0.035
0 0.671 0.155 0.026 0.024
0 0.655 0.1775 0.028 0.031
0 0.5945 0.1925 0.027 0.031
0 0.6485 0.2045 0.033 0.019
0 0.6645 0.2125 0.035 0.025
0 0.701 0.185 0.022 0.012
0 0.7145 0.1905 0.019 0.015
0 0.701 0.197 0.014 0.018
0 0.709 0.202 0.014 0.02
0 0.692 0.2205 0.014 0.015
0 0.758 0.1975 0.046 0.051
0 0.7865 0.194 0.019 0.02
0 0.695 0.0995 0.026 0.017
0 0.7095 0.1115 0.019 0.021
0 0.6435 0.2325 0.055 0.027
0 0.838 0.146 0.024 0.042
0 0.8505 0.148 0.019 0.042
0 0.8795 0.157 0.021 0.034
0 0.86 0.1745 0.02 0.039
0 0.793 0.127 0.022 0.03
0 0.921 0.1325 0.062 0.035
0 0.9735 0.3405 0.037 0.033
0 0.769 0.2425 0.03 0.043
0 0.6875 0.257 0.025 0.034
0 0.661 0.2735 0.04 0.047
0 0.541 0.214 0.04 0.032
0 0.516 0.2555 0.04 0.031
0 0.4835 0.3 0.033 0.034
0 0.5245 0.287 0.033 0.026
0 0.5085 0.2875 0.027 0.035
0 0.444 0.224 0.02 0.032
0 0.4745 0.271 0.021 0.03
0 0.4635 0.276 0.029 0.024
0 0.405 0.244 0.036 0.024
0 0.4375 0.2945 0.033 0.041
0 0.0535 0.3325 0.023 0.039
0 0.0395 0.368 0.029 0.03
0 0.0115 0.375 0.021 0.04
0 0.0095 0.3175 0.019 0.051
0 0.1455 0.3075 0.029 0.037
0 0.1205 0.3085 0.017 0.017
0 0.2195 0.2775 0.065 0.045
0 0.2595 0.4015 0.047 0.029
0 0.189 0.4345 0.062 0.031
0 0.2 0.473 0.058 0.022
0 0.1745 0.4535 0.069 0.031
0 0.337 0.547 0.048 0.03
0 0.224 0.4995 0.066 0.035
0 0.161 0.559 0.05 0.04
0 0.199 0.537 0.068 0.066
0 0.1685 0.5145 0.047 0.051
0 0.146 0.4795 0.048 0.055
0 0.0215 0.493 0.043 0.048
0 0.1015 0.392 0.023 0.038
0 0.0355 0.416 0.031 0.032
0 0.286 0.1745 0.03 0.029
0 0.2845 0.205 0.045 0.018
0 0.1935 0.6105 0.039 0.033
0 0.2325 0.663 0.045 0.04
0 0.351 0.642 0.072 0.032
0 0.381 0.6605 0.068 0.039
0 0.563 0.6925 0.05 0.029
0 0.5235 0.687 0.051 0.04
0 0.4785 0.666 0.039 0.03
0 0.4745 0.5915 0.025 0.021
0 0.5075 0.6335 0.037 0.029
0 0.525 0.655 0.05 0.024
0 0.6385 0.7475 0.033 0.039
0 0.719 0.746 0.038 0.032
0 0.5575 0.7505 0.049 0.041
0 0.5895 0.7235 0.035 0.025
0 0.6645 0.708 0.039 0.034
0 0.697 0.6945 0.044 0.033
0 0.789 0.674 0.04 0.024
0 0.628 0.6035 0.07 0.029
0 0.553 0.5925 0.04 0.029
0 0.5895 0.5755 0.039 0.035
0 0.7095 0.6115 0.043 0.033
0 0.638 0.65 0.038 0.024
0 0.391 0.715 0.04 0.046
0 0.432 0.7045 0.046 0.049
0 0.419 0.7435 0.038 0.031
0 0.49 0.763 0.036 0.054
0 0.5995 0.7725 0.059 0.031
0 0.744 0.69 0.044 0.044
0 0.777 0.7295 0.042 0.027
0 0.6975 0.774 0.049 0.024
0 0.6755 0.7975 0.039 0.033
0 0.7245 0.809 0.063 0.04
0 0.7565 0.8195 0.071 0.041
0 0.766 0.7665 0.036 0.035
0 0.869 0.776 0.038 0.036
0 0.9145 0.7715 0.041 0.037
0 0.9095 0.7265 0.041 0.035
0 0.82 0.795 0.036 0.032
0 0.762 0.6165 0.036 0.027
0 0.8125 0.651 0.027 0.026
0 0.847 0.717 0.024 0.022
0 0.8185 0.7105 0.029 0.019
0 0.9565 0.7635 0.037 0.027
0 0.9865 0.741 0.021 0.022
0 0.9655 0.661 0.029 0.03
0 0.982 0.639 0.02 0.024
0 0.985 0.668 0.022 0.016
0 0.9485 0.6235 0.035 0.029
0 0.8675 0.5845 0.037 0.025
0 0.793 0.592 0.042 0.034
0 0.826 0.837 0.032 0.03
0 0.975 0.9135 0.034 0.035
0 0.9645 0.88 0.035 0.022
0 0.976 0.9485 0.04 0.025
0 0.9225 0.8945 0.057 0.043
0 0.808 0.9485 0.026 0.027
0 0.8155 0.985 0.041 0.024
0 0.9725 0.989 0.033 0.018
0 0.937 0.9805 0.044 0.033
0 0.9615 0.7875 0.033 0.025
0 0.945 0.7995 0.032 0.037
0 0.9495 0.842 0.025 0.032
0 0.867 0.886 0.046 0.036
0 0.9185 0.838 0.041 0.036
0 0.7395 0.8775 0.037 0.023
0 0.7125 0.914 0.041 0.032
0 0.732 0.903 0.036 0.018
0 0.747 0.9765 0.046 0.037
0 0.591 0.8985 0.04 0.043
0 0.5625 0.8915 0.035 0.039
0 0.523 0.882 0.04 0.046
0 0.512 0.8245 0.024 0.025
0 0.536 0.8355 0.026 0.015
0 0.6285 0.8165 0.041 0.021
0 0.5255 0.7895 0.035 0.029
0 0.4215 0.851 0.047 0.05
0 0.3925 0.9155 0.043 0.053
0 0.336 0.94 0.04 0.03
0 0.375 0.9725 0.04 0.033
0 0.443 0.9135 0.042 0.029
0 0.4755 0.9195 0.021 0.029
0 0.431 0.9585 0.068 0.047
0 0.566 0.957 0.032 0.034
0 0.6045 0.965 0.023 0.028
0 0.664 0.913 0.03 0.024
0 0.6675 0.9435 0.069 0.041
0 0.736 0.9345 0.058 0.029
0 0.78 0.9395 0.04 0.043
0 0.676 0.983 0.034 0.03
0 0.644 0.985 0.042 0.024
0 0.871 0.9245 0.046 0.043
0 0.531 0.9625 0.038 0.039
0 0.2685 0.983 0.041 0.028
0 0.289 0.9595 0.028 0.023
0 0.3165 0.976 0.047 0.042
0 0.251 0.9495 0.056 0.033
0 0.2405 0.924 0.049 0.028
0 0.214 0.898 0.05 0.05
0 0.1725 0.9215 0.023 0.031
0 0.281 0.8965 0.042 0.039
0 0.2855 0.8245 0.037 0.025
0 0.316 0.841 0.044 0.038
0 0.361 0.841 0.044 0.038
0 0.3765 0.821 0.041 0.034
0 0.297 0.7335 0.028 0.029
0 0.2245 0.8115 0.027 0.023
0 0.2495 0.798 0.029 0.02
0 0.1815 0.7865 0.037 0.035
0 0.2255 0.7555 0.033 0.023
0 0.0495 0.867 0.069 0.038
0 0.0855 0.91 0.035 0.04
0 0.054 0.904 0.04 0.028
0 0.0305 0.89 0.033 0.028
0 0.023 0.929 0.038 0.034
0 0.108 0.9455 0.036 0.031
0 0.029 0.983 0.044 0.02
0 0.023 0.9645 0.036 0.025
0 0.0665 0.95 0.037 0.022
0 0.203 0.9635 0.042 0.029
0 0.184 0.8485 0.038 0.033
0 0.2475 0.863 0.031 0.032
0 0.149 0.9855 0.014 0.023
0 0.0795 0.72 0.031 0.036
0 0.0125 0.761 0.021 0.02
0 0.041 0.7575 0.016 0.021
0 0.0395 0.775 0.017 0.02
0 0.0445 0.7115 0.025 0.023
0 0.189 0.7095 0.032 0.023
0 0.191 0.6815 0.034 0.021
0 0.2785 0.6485 0.035 0.027
0 0.3855 0.7735 0.019 0.019
0 0.0995 0.6235 0.019 0.037
0 0.1195 0.722 0.021 0.026
0 0.1095 0.763 0.029 0.034
0 0.0795 0.687 0.041 0.028
0 0.1285 0.6835 0.019 0.017
0 0.2505 0.627 0.039 0.028
0 0.2745 0.6765 0.037 0.031
0 0.29 0.573 0.052 0.03
0 0.52 0.547 0.046 0.03
0 0.528 0.5135 0.046 0.025
0 0.563 0.5295 0.05 0.031
0 0.619 0.55 0.046 0.028
0 0.633 0.524 0.034 0.036
0 0.714 0.5485 0.064 0.051
0 0.775 0.5635 0.048 0.033
0 0.7415 0.5075 0.051 0.039
0 0.782 0.4855 0.038 0.031
0 0.8645 0.5115 0.045 0.045
0 0.9105 0.5005 0.051 0.041
0 0.9785 0.5525 0.035 0.043
0 0.8755 0.691 0.055 0.028
0 0.8955 0.6495 0.053 0.051
0 0.842 0.6065 0.048 0.035
0 0.9075 0.6 0.061 0.038
0 0.8975 0.5625 0.043 0.031
0 0.867 0.5425 0.03 0.023
0 0.931 0.547 0.048 0.054
0 0.985 0.5195 0.026 0.031
0 0.942 0.5155 0.028 0.031
0 0.8975 0.4195 0.053 0.053
0 0.828 0.4975 0.048 0.041
0 0.8265 0.441 0.039 0.048
0 0.844 0.4025 0.044 0.051
0 0.852 0.3625 0.046 0.045
0 0.674 0.478 0.036 0.026
0 0.72 0.4735 0.042 0.031
0 0.7455 0.4575 0.031 0.027
0 0.736 0.4215 0.048 0.041
0 0.6835 0.4055 0.055 0.041
0 0.6825 0.37 0.041 0.028
0 0.6325 0.374 0.041 0.044
0 0.588 0.3665 0.038 0.035
0 0.5975 0.335 0.033 0.032
0 0.7055 0.3195 0.039 0.041
0 0.66 0.4365 0.048 0.031
0 0.638 0.4655 0.038 0.029
0 0.617 0.4975 0.04 0.025
0 0.6015 0.468 0.043 0.03
0 0.5225 0.4515 0.047 0.031
0 0.544 0.4115 0.044 0.033
0 0.5825 0.3985 0.057 0.039
0 0.407 0.401 0.034 0.038
0 0.4325 0.4295 0.045 0.029
0 0.4865 0.429 0.045 0.044
0 0.5065 0.379 0.047 0.032
0 0.532 0.348 0.042 0.036
0 0.462 0.3395 0.046 0.033
0 0.4945 0.3455 0.029 0.025
0 0.4225 0.477 0.055 0.038
0 0.4795 0.5085 0.035 0.025
0 0.388 0.5225 0.032 0.031
0 0.4015 0.5515 0.037 0.043
0 0.415 0.512 0.028 0.028
0 0.4405 0.5765 0.039 0.063
0 0.4075 0.586 0.047 0.046
0 0.287 0.604 0.04 0.034
0 0.3465 0.612 0.069 0.03
0 0.6795 0.742 0.047 0.034
0 0.624 0.7115 0.04 0.025
0 0.6135 0.6635 0.071 0.043
0 0.732 0.592 0.054 0.024
0 0.7405 0.644 0.047 0.03
0 0.8575 0.7495 0.039 0.039
0 0.9865 0.588 0.021 0.048
0 0.743 0.3515 0.036 0.057
0 0.7335 0.3915 0.053 0.037
0 0.786 0.4215 0.034 0.043
0 0.856 0.0985 0.046 0.033
0 0.886 0.0525 0.056 0.069
0 0.9295 0.055 0.055 0.088
0 0.926 0.1095 0.054 0.049
0 0.972 0.068 0.034 0.054
0 0.975 0.0355 0.042 0.065
0 0.987 0.0305 0.02 0.035
0 0.95 0.0335 0.03 0.057
0 0.9805 0.1775 0.035 0.043
0 0.9315 0.177 0.041 0.03
0 0.9115 0.1925 0.029 0.035
0 0.9765 0.2465 0.041 0.027
0 0.911 0.258 0.026 0.022
0 0.9305 0.2645 0.037 0.035
0 0.9465 0.2975 0.035 0.031
0 0.9775 0.2905 0.039 0.049
0 0.9385 0.224 0.031 0.026
0 0.912 0.224 0.038 0.028
0 0.8745 0.209 0.043 0.024
0 0.911 0.145 0.066 0.038
0 0.4115 0.3135 0.025 0.029
0 0.396 0.3335 0.02 0.031
0 0.418 0.3325 0.028 0.035
0 0.5005 0.2275 0.031 0.021
0 0.489 0.236 0.03 0.02
0 0.43 0.1865 0.032 0.025
0 0.468 0.207 0.022 0.022
0 0.4865 0.201 0.041 0.016
0 0.4965 0.183 0.047 0.026
0 0.4595 0.1755 0.041 0.031
0 0.462 0.078 0.036 0.034
0 0.458 0.0505 0.04 0.029
0 0.4305 0.0105 0.029 0.019
0 0.397 0.0825 0.03 0.049
0 0.3185 0.087 0.035 0.036
0 0.363 0.074 0.032 0.026
0 0.361 0.029 0.04 0.038
0 0.305 0.0605 0.044 0.025
0 0.3225 0.0475 0.041 0.033
0 0.2335 0.0875 0.043 0.043
0 0.2585 0.063 0.041 0.04
0 0.285 0.0235 0.048 0.039
0 0.233 0.039 0.024 0.03
0 0.16 0.0625 0.04 0.047
0 0.153 0.091 0.032 0.026
0 0.0855 0.423 0.031 0.042
0 0.063 0.384 0.05 0.032
0 0.0685 0.4875 0.021 0.045
0 0.0175 0.5385 0.029 0.031
0 0.0245 0.604 0.043 0.046
0 0.037 0.638 0.056 0.044
0 0.071 0.6565 0.032 0.025
0 0.233 0.4635 0.044 0.027
0 0.2685 0.482 0.029 0.034
0 0.303 0.516 0.044 0.042
0 0.335 0.513 0.04 0.032
0 0.257 0.4295 0.038 0.021
0 0.2355 0.3495 0.035 0.021
0 0.2315 0.374 0.033 0.03
0 0.204 0.363 0.046 0.022
0 0.2025 0.3895 0.049 0.029
0 0.253 0.3155 0.036 0.049
0 0.2905 0.3135 0.037 0.069
0 0.359 0.325 0.04 0.038
0 0.362 0.362 0.042 0.048
0 0.33 0.337 0.036 0.054
0 0.3455 0.4005 0.033 0.037
0 0.3665 0.4175 0.023 0.039
0 0.346 0.4295 0.034 0.023
0 0.3255 0.4665 0.033 0.043
0 0.355 0.462 0.032 0.034
0 0.3685 0.4805 0.045 0.021
0 0.3065 0.4055 0.037 0.029
0 0.3155 0.433 0.031 0.028
0 0.362 0.27 0.034 0.04
0 0.3865 0.2745 0.039 0.041
0 0.337 0.288 0.06 0.036
0 0.261 0.2335 0.042 0.037
0 0.2895 0.1335 0.043 0.027
0 0.3725 0.193 0.043 0.024
0 0.397 0.1435 0.054 0.027
0 0.348 0.1515 0.052 0.031
0 0.3585 0.1655 0.043 0.029
0 0.4595 0.1215 0.025 0.029
0 0.384 0.0405 0.04 0.031
0 0.426 0.038 0.038 0.032
0 0.248 0.0105 0.024 0.019
0 0.188 0.0205 0.03 0.033
0 0.094 0.013 0.034 0.022
0 0.1065 0.0515 0.035 0.033
0 0.087 0.035 0.032 0.024
0 0.024 0.0485 0.03 0.027
0 0.011 0.08 0.02 0.034
0 0.0605 0.116 0.035 0.028
0 0.611 0.427 0.05 0.04
0 0.6805 0.535 0.053 0.04
0 0.796 0.361 0.06 0.06
0 0.583 0.2485 0.042 0.045
0 0.596 0.262 0.038 0.03
0 0.562 0.2865 0.042 0.043
0 0.6245 0.272 0.031 0.042
0 0.6065 0.838 0.039 0.026
0 0.694 0.843 0.042 0.024
0 0.912 0.806 0.028 0.026
0 0.8675 0.8055 0.041 0.031
0 0.873 0.8545 0.048 0.025
0 0.327 0.893 0.044 0.03
0 0.1405 0.9055 0.021 0.041
0 0.04 0.8175 0.024 0.021
0 0.016 0.734 0.026 0.028
0 0.013 0.6945 0.018 0.035
0 0.024 0.5645 0.036 0.037
0 0.072 0.597 0.026 0.036
0 0.2165 0.217 0.043 0.038
0 0.4755 0.5625 0.043 0.039
0 0.579 0.638 0.06 0.03
0 0.6755 0.636 0.053 0.022
0 0.945 0.688 0.05 0.03
0 0.985 0.7105 0.02 0.029
0 0.791 0.7565 0.028 0.021
0 0.7965 0.7785 0.031 0.025
0 0.8045 0.8825 0.033 0.029
0 0.291 0.7935 0.034 0.029
0 0.224 0.702 0.038 0.026
0 0.3375 0.6985 0.057 0.025
0 0.2695 0.5345 0.033 0.047
0 0.2305 0.601 0.029 0.034
0 0.479 0.625 0.028 0.036
0 0.5035 0.6035 0.019 0.019
0 0.196 0.1755 0.058 0.041
0 0.2495 0.1555 0.039 0.037
0 0.946 0.4235 0.038 0.029
0 0.1105 0.508 0.015 0.032
0 0.822 0.238 0.02 0.024
0 0.737 0.287 0.028 0.028
0 0.7765 0.5375 0.027 0.017
0 0.813 0.689 0.018 0.014
0 0.227 0.149 0.01 0.014
