0 0.0265 0.0485 0.035 0.023
0 0.049 0.077 0.036 0.032
0 0.109 0.1075 0.034 0.031
0 0.1875 0.0615 0.033 0.033
0 0.0355 0.16 0.029 0.02
0 0.0725 0.1605 0.031 0.027
0 0.1075 0.173 0.033 0.034
0 0.175 0.1675 0.02 0.023
0 0.1145 0.132 0.021 0.022
0 0.1745 0.1225 0.033 0.029
0 0.1365 0.1185 0.027 0.027
0 0.187 0.093 0.026 0.026
0 0.211 0.119 0.036 0.032
0 0.249 0.146 0.036 0.034
0 0.344 0.059 0.03 0.038
0 0.2825 0.145 0.031 0.038
0 0.3095 0.1585 0.033 0.025
0 0.352 0.139 0.032 0.032
0 0.368 0.165 0.036 0.028
0 0.4025 0.176 0.023 0.02
0 0.4215 0.166 0.031 0.03
0 0.448 0.1825 0.028 0.027
0 0.43 0.2 0.032 0.03
0 0.3805 0.0405 0.035 0.035
0 0.3015 0.0395 0.021 0.025
0 0.3685 0.0775 0.029 0.033
0 0.393 0.083 0.032 0.034
0 0.4095 0.101 0.033 0.03
0 0.458 0.119 0.034 0.03
0 0.5475 0.0945 0.033 0.033
0 0.5685 0.052 0.037 0.032
0 0.5585 0.023 0.029 0.03
0 0.5235 0.143 0.033 0.022
0 0.4995 0.1545 0.031 0.015
0 0.4595 0.1655 0.017 0.031
0 0.476 0.1875 0.03 0.033
0 0.4565 0.2075 0.023 0.025
0 0.496 0.201 0.026 0.03
0 0.48 0.2195 0.026 0.025
0 0.5235 0.1995 0.031 0.033
0 0.5405 0.223 0.033 0.03
0 0.6485 0.033 0.031 0.028
0 0.622 0.073 0.036 0.028
0 0.5955 0.1035 0.029 0.031
0 0.5845 0.16 0.031 0.034
0 0.602 0.1845 0.034 0.031
0 0.6235 0.2045 0.031 0.023
0 0.66 0.216 0.036 0.024
0 0.6445 0.2695 0.035 0.027
0 0.6395 0.289 0.033 0.024
0 0.545 0.2555 0.038 0.037
0 0.5345 0.29 0.029 0.032
0 0.5795 0.323 0.033 0.024
0 0.4535 0.262 0.023 0.024
0 0.477 0.265 0.02 0.02
0 0.4655 0.3 0.027 0.026
0 0.3945 0.322 0.027 0.022
0 0.4145 0.2655 0.025 0.031
0 0.0145 0.29 0.029 0.032
0 0.058 0.4835 0.036 0.025
0 0.0295 0.4435 0.039 0.031
0 0.095 0.4535 0.03 0.033
0 0.15 0.4445 0.038 0.029
0 0.187 0.437 0.036 0.034
0 0.121 0.497 0.034 0.026
0 0.126 0.5335 0.03 0.037
0 0.1395 0.5645 0.029 0.025
0 0.159 0.5915 0.03 0.031
0 0.188 0.505 0.028 0.03
0 0.2515 0.42 0.025 0.024
0 0.3055 0.4065 0.031 0.029
0 0.332 0.3925 0.026 0.035
0 0.358 0.381 0.028 0.026
0 0.3755 0.3585 0.031 0.025
0 0.3235 0.4365 0.035 0.029
0 0.4085 0.397 0.031 0.022
0 0.394 0.422 0.034 0.03
0 0.4595 0.411 0.025 0.024
0 0.4605 0.467 0.029 0.03
0 0.1925 0.546 0.029 0.022
0 0.1985 0.5915 0.035 0.029
0 0.2215 0.6105 0.029 0.029
0 0.2495 0.6275 0.031 0.029
0 0.268 0.6465 0.022 0.019
0 0.0285 0.6695 0.039 0.037
0 0.064 0.6695 0.036 0.031
0 0.2205 0.669 0.027 0.026
0 0.2545 0.674 0.039 0.022
0 0.153 0.6345 0.03 0.025
0 0.125 0.6575 0.03 0.029
0 0.0875 0.7105 0.039 0.015
0 0.025 0.7335 0.034 0.017
0 0.0495 0.7425 0.025 0.025
0 0.0815 0.745 0.023 0.022
0 0.133 0.761 0.026 0.022
0 0.162 0.6855 0.024 0.029
0 0.1915 0.6875 0.031 0.029
0 0.2105 0.731 0.035 0.034
0 0.24 0.756 0.026 0.028
0 0.286 0.7705 0.028 0.033
0 0.133 0.783 0.03 0.02
0 0.152 0.799 0.022 0.018
0 0.165 0.8435 0.032 0.027
0 0.151 0.8925 0.028 0.035
0 0.022 0.9765 0.032 0.029
0 0.1215 0.964 0.031 0.026
0 0.2265 0.888 0.041 0.036
0 0.1865 0.943 0.029 0.022
0 0.1765 0.963 0.031 0.026
0 0.1565 0.9855 0.029 0.023
0 0.235 0.8375 0.036 0.035
0 0.265 0.8345 0.034 0.033
0 0.295 0.8405 0.032 0.029
0 0.319 0.831 0.024 0.03
0 0.299 0.879 0.032 0.036
0 0.4005 0.9775 0.021 0.029
0 0.368 0.8285 0.026 0.047
0 0.3305 0.6685 0.037 0.033
0 0.4205 0.7935 0.037 0.037
0 0.4505 0.797 0.035 0.028
0 0.431 0.8285 0.036 0.031
0 0.4645 0.8155 0.029 0.019
0 0.4555 0.771 0.035 0.026
0 0.4845 0.7565 0.029 0.027
0 0.4835 0.7925 0.033 0.025
0 0.4925 0.774 0.033 0.022
0 0.524 0.766 0.032 0.022
0 0.517 0.744 0.038 0.026
0 0.5545 0.7615 0.033 0.025
0 0.5855 0.7605 0.029 0.029
0 0.5225 0.7885 0.037 0.025
0 0.471 0.838 0.038 0.028
0 0.5025 0.8205 0.039 0.035
0 0.527 0.81 0.032 0.026
0 0.5585 0.796 0.035 0.036
0 0.427 0.862 0.036 0.032
0 0.4835 0.9125 0.031 0.031
0 0.515 0.9035 0.034 0.035
0 0.545 0.886 0.032 0.026
0 0.5685 0.867 0.031 0.032
0 0.5975 0.858 0.031 0.028
0 0.5545 0.907 0.029 0.028
0 0.5845 0.901 0.029 0.03
0 0.5015 0.9565 0.027 0.031
0 0.3955 0.9545 0.023 0.023
0 0.6255 0.867 0.021 0.026
0 0.65 0.891 0.028 0.032
0 0.6265 0.904 0.021 0.034
0 0.674 0.9015 0.024 0.031
0 0.738 0.8965 0.026 0.027
0 0.765 0.8995 0.028 0.029
0 0.808 0.935 0.026 0.03
0 0.7785 0.9275 0.029 0.035
0 0.824 0.9565 0.024 0.031
0 0.9275 0.8935 0.029 0.029
0 0.9735 0.8715 0.031 0.029
0 0.958 0.933 0.036 0.032
0 0.9745 0.9445 0.021 0.025
0 0.897 0.8785 0.036 0.027
0 0.8295 0.789 0.035 0.034
0 0.836 0.8185 0.05 0.031
0 0.711 0.875 0.034 0.038
0 0.7645 0.8335 0.029 0.025
0 0.7615 0.769 0.015 0.024
0 0.847 0.733 0.036 0.032
0 0.9285 0.7115 0.037 0.029
0 0.9625 0.7105 0.035 0.033
0 0.939 0.6675 0.03 0.027
0 0.9135 0.666 0.025 0.024
0 0.8085 0.672 0.031 0.032
0 0.7435 0.66 0.033 0.026
0 0.7225 0.7135 0.019 0.013
0 0.3845 0.675 0.033 0.034
0 0.4135 0.682 0.021 0.026
0 0.4405 0.678 0.033 0.032
0 0.471 0.67 0.028 0.03
0 0.5055 0.662 0.033 0.028
0 0.5355 0.652 0.033 0.026
0 0.5625 0.6295 0.035 0.029
0 0.55 0.598 0.024 0.018
0 0.5595 0.5835 0.029 0.023
0 0.671 0.634 0.034 0.028
0 0.622 0.6005 0.034 0.031
0 0.5325 0.834 0.025 0.024
0 0.611 0.7645 0.026 0.027
0 0.588 0.808 0.03 0.032
0 0.4615 0.862 0.031 0.03
0 0.341 0.8945 0.026 0.033
0 0.3425 0.739 0.049 0.042
0 0.1445 0.7365 0.051 0.031
0 0.1315 0.711 0.047 0.026
0 0.2165 0.473 0.039 0.022
0 0.2395 0.4515 0.021 0.019
0 0.295 0.446 0.022 0.022
0 0.3785 0.2635 0.025 0.029
0 0.414 0.287 0.018 0.014
0 0.405 0.237 0.024 0.024
0 0.225 0.053 0.034 0.04
0 0.2925 0.076 0.049 0.026
0 0.6425 0.307 0.021 0.016
0 0.6705 0.3235 0.035 0.027
0 0.7345 0.3655 0.029 0.029
0 0.6835 0.3935 0.025 0.023
0 0.7135 0.414 0.035 0.032
0 0.7485 0.438 0.027 0.022
0 0.719 0.4435 0.028 0.031
0 0.789 0.4445 0.036 0.029
0 0.824 0.4405 0.034 0.029
0 0.858 0.436 0.034 0.028
0 0.8745 0.4585 0.027 0.033
0 0.896 0.473 0.02 0.034
0 0.933 0.454 0.028 0.03
0 0.9625 0.4235 0.019 0.019
0 0.976 0.469 0.03 0.018
0 0.9525 0.4685 0.023 0.023
0 0.508 0.4715 0.03 0.027
0 0.5425 0.5035 0.027 0.029
0 0.5175 0.5185 0.019 0.023
0 0.5725 0.54 0.031 0.036
0 0.528 0.5535 0.032 0.019
0 0.5855 0.5765 0.037 0.035
0 0.6975 0.647 0.035 0.028
0 0.58 0.698 0.032 0.02
0 0.609 0.7015 0.032 0.017
0 0.97 0.3645 0.036 0.031
0 0.9445 0.3585 0.021 0.023
0 0.926 0.3555 0.024 0.029
0 0.902 0.3545 0.026 0.031
0 0.8955 0.336 0.017 0.034
0 0.8845 0.317 0.027 0.026
0 0.849 0.2945 0.018 0.027
0 0.8635 0.31 0.017 0.022
0 0.824 0.2975 0.024 0.025
0 0.7965 0.3115 0.029 0.027
0 0.7845 0.35 0.047 0.05
0 0.687 0.3545 0.026 0.023
0 0.959 0.193 0.034 0.026
0 0.9265 0.2035 0.027 0.027
0 0.9115 0.1785 0.033 0.033
0 0.915 0.1455 0.03 0.033
0 0.903 0.128 0.028 0.028
0 0.8765 0.1085 0.039 0.035
0 0.849 0.086 0.028 0.026
0 0.8255 0.0715 0.031 0.039
0 0.805 0.058 0.028 0.03
0 0.893 0.042 0.026 0.032
0 0.949 0.0395 0.02 0.031
0 0.9405 0.065 0.025 0.032
0 0.7945 0.0395 0.031 0.025
0 0.782 0.018 0.036 0.024
0 0.581 0.132 0.028 0.028
0 0.655 0.2405 0.024 0.029
0 0.583 0.2485 0.022 0.021
0 0.6125 0.2505 0.019 0.013
0 0.6015 0.2745 0.031 0.025
0 0.38 0.298 0.024 0.02
0 0.2005 0.484 0.033 0.028
0 0.086 0.488 0.026 0.02
0 0.081 0.036 0.022 0.02
0 0.081 0.085 0.024 0.024
0 0.3645 0.246 0.015 0.016
0 0.4235 0.733 0.043 0.016
0 0.7495 0.7385 0.041 0.015
0 0.7525 0.794 0.033 0.024
0 0.7915 0.7345 0.029 0.027
0 0.814 0.7415 0.026 0.023
0 0.8605 0.852 0.045 0.034
0 0.751 0.411 0.022 0.016
0 0.822 0.4095 0.036 0.013
0 0.4045 0.3535 0.025 0.033
0 0.3985 0.3805 0.027 0.015
0 0.373 0.929 0.028 0.026
0 0.656 0.701 0.016 0.01
0 0.393 0.146 0.03 0.028
0 0.0175 0.0105 0.035 0.021
0 0.1575 0.011 0.031 0.022
0 0.126 0.007 0.03 0.014
0 0.359 0.0135 0.03 0.027
0 0.4055 0.0105 0.033 0.021
0 0.8705 0.009 0.039 0.018
0 0.9515 0.013 0.025 0.026
0 0.989 0.4395 0.02 0.017
0 0.988 0.6605 0.022 0.033
0 0.991 0.72 0.016 0.03
0 0.8395 0.674 0.033 0.03
0 0.5015 0.989 0.029 0.02
0 0.0155 0.4845 0.031 0.033
0 0.593 0.237 0.02 0.018
0 0.0145 0.071 0.029 0.032
0 0.0115 0.226 0.023 0.028
0 0.5535 0.752 0.033 0.048
0 0.5835 0.6685 0.019 0.019
0 0.425 0.025 0.02 0.028
0 0.6775 0.0045 0.013 0.009
