0 0.0325 0.024 0.017 0.016
0 0.044 0.012 0.014 0.014
0 0.0195 0.0075 0.011 0.015
0 0.1085 0.042 0.011 0.018
0 0.1925 0.032 0.013 0.016
0 0.189 0.0545 0.014 0.015
0 0.22 0.0425 0.012 0.013
0 0.2225 0.093 0.017 0.018
0 0.159 0.106 0.016 0.018
0 0.045 0.1385 0.014 0.011
0 0.0215 0.112 0.011 0.01
0 0.0315 0.1275 0.009 0.011
0 0.012 0.161 0.01 0.012
0 0.4755 0.511 0.011 0.012
0 0.486 0.404 0.012 0.01
0 0.472 0.4105 0.01 0.011
0 0.499 0.3805 0.01 0.009
0 0.5315 0.3985 0.015 0.009
0 0.55 0.367 0.012 0.01
0 0.5255 0.3605 0.011 0.011
0 0.523 0.3245 0.012 0.011
0 0.548 0.3335 0.016 0.017
0 0.554 0.308 0.014 0.016
0 0.547 0.296 0.012 0.014
0 0.5045 0.2905 0.013 0.011
0 0.4875 0.27 0.017 0.018
0 0.4415 0.2805 0.009 0.007
0 0.462 0.272 0.006 0.008
0 0.3975 0.244 0.009 0.012
0 0.3985 0.2685 0.009 0.013
0 0.4145 0.266 0.011 0.014
0 0.471 0.284 0.012 0.01
0 0.4855 0.295 0.007 0.01
0 0.4635 0.2975 0.009 0.009
0 0.4065 0.3355 0.009 0.009
0 0.4475 0.3545 0.007 0.011
0 0.48 0.345 0.012 0.012
0 0.4545 0.377 0.009 0.01
0 0.3755 0.3715 0.015 0.011
0 0.3935 0.324 0.011 0.012
0 0.3635 0.3025 0.009 0.009
0 0.375 0.3075 0.01 0.011
0 0.4245 0.2865 0.011 0.011
0 0.4165 0.2915 0.011 0.015
0 0.482 0.288 0.012 0.01
0 0.4605 0.2165 0.011 0.017
0 0.474 0.2175 0.01 0.011
0 0.4495 0.2045 0.011 0.013
0 0.4895 0.201 0.015 0.014
0 0.4945 0.235 0.009 0.014
0 0.4905 0.2215 0.011 0.011
0 0.4725 0.235 0.011 0.014
0 0.4855 0.232 0.011 0.014
0 0.446 0.2225 0.012 0.015
0 0.4415 0.241 0.013 0.016
0 0.4305 0.2615 0.015 0.013
0 0.4505 0.2405 0.011 0.013
0 0.5165 0.2345 0.015 0.017
0 0.538 0.2465 0.012 0.013
0 0.5755 0.242 0.013 0.012
0 0.595 0.238 0.018 0.014
0 0.5935 0.2095 0.009 0.009
0 0.581 0.2205 0.012 0.013
0 0.613 0.2225 0.012 0.015
0 0.506 0.215 0.014 0.014
0 0.536 0.223 0.012 0.012
0 0.499 0.185 0.018 0.018
0 0.523 0.195 0.016 0.018
0 0.377 0.1745 0.01 0.013
0 0.4105 0.168 0.007 0.008
0 0.4395 0.175 0.013 0.012
0 0.4245 0.1635 0.005 0.011
0 0.4415 0.118 0.019 0.018
0 0.419 0.4755 0.01 0.009
0 0.416 0.4485 0.012 0.009
0 0.5035 0.43 0.011 0.01
0 0.5015 0.4445 0.013 0.009
0 0.5515 0.404 0.013 0.014
0 0.5245 0.412 0.013 0.012
0 0.5345 0.4155 0.009 0.007
0 0.5735 0.4135 0.013 0.011
0 0.5495 0.4665 0.015 0.011
0 0.601 0.4135 0.016 0.015
0 0.5435 0.501 0.017 0.018
0 0.562 0.4545 0.014 0.015
0 0.58 0.4695 0.012 0.015
0 0.622 0.425 0.02 0.02
0 0.6695 0.421 0.013 0.01
0 0.641 0.4325 0.016 0.017
0 0.658 0.5085 0.01 0.009
0 0.6215 0.5435 0.009 0.009
0 0.596 0.5455 0.01 0.009
0 0.5445 0.556 0.013 0.012
0 0.558 0.5195 0.018 0.015
0 0.572 0.565 0.01 0.006
0 0.6135 0.5655 0.013 0.009
0 0.6425 0.5895 0.011 0.011
0 0.6035 0.536 0.015 0.014
0 0.714 0.5335 0.008 0.009
0 0.647 0.4805 0.018 0.019
0 0.663 0.496 0.008 0.01
0 0.601 0.56 0.012 0.008
0 0.737 0.5435 0.01 0.007
0 0.6795 0.53 0.009 0.012
0 0.642 0.575 0.014 0.016
0 0.5875 0.626 0.011 0.01
0 0.636 0.6435 0.008 0.007
0 0.7085 0.6605 0.011 0.009
0 0.664 0.6645 0.01 0.013
0 0.642 0.677 0.016 0.01
0 0.7255 0.626 0.013 0.01
0 0.709 0.616 0.01 0.012
0 0.629 0.6585 0.012 0.009
0 0.617 0.6265 0.016 0.015
0 0.609 0.597 0.01 0.012
0 0.596 0.645 0.012 0.014
0 0.5955 0.656 0.011 0.01
0 0.6105 0.677 0.007 0.008
0 0.5705 0.709 0.011 0.012
0 0.557 0.7 0.014 0.014
0 0.504 0.6765 0.014 0.009
0 0.539 0.705 0.014 0.014
0 0.4875 0.687 0.015 0.016
0 0.5085 0.697 0.013 0.014
0 0.4755 0.707 0.017 0.014
0 0.4935 0.714 0.013 0.016
0 0.495 0.732 0.014 0.014
0 0.5155 0.709 0.011 0.012
0 0.4695 0.7185 0.013 0.013
0 0.5365 0.729 0.015 0.016
0 0.5525 0.728 0.013 0.016
0 0.582 0.7575 0.008 0.009
0 0.5145 0.7425 0.017 0.017
0 0.4915 0.7795 0.015 0.017
0 0.449 0.7435 0.008 0.009
0 0.4355 0.7935 0.011 0.013
0 0.365 0.7285 0.01 0.009
0 0.367 0.768 0.008 0.01
0 0.3865 0.8405 0.011 0.011
0 0.36 0.7945 0.01 0.009
0 0.359 0.861 0.006 0.012
0 0.3485 0.8325 0.009 0.009
0 0.411 0.858 0.008 0.008
0 0.454 0.848 0.01 0.01
0 0.4585 0.8725 0.009 0.011
0 0.468 0.876 0.01 0.012
0 0.472 0.898 0.012 0.01
0 0.465 0.9285 0.006 0.011
0 0.4755 0.9365 0.013 0.005
0 0.4705 0.9085 0.011 0.011
0 0.493 0.932 0.018 0.014
0 0.4885 0.9425 0.015 0.013
0 0.5235 0.932 0.015 0.012
0 0.502 0.95 0.016 0.016
0 0.5235 0.9675 0.015 0.013
0 0.517 0.957 0.012 0.016
0 0.5415 0.9655 0.019 0.015
0 0.548 0.913 0.016 0.01
0 0.6035 0.8625 0.007 0.007
0 0.553 0.849 0.018 0.018
0 0.589 0.8625 0.014 0.013
0 0.4935 0.85 0.019 0.016
0 0.486 0.9045 0.01 0.013
0 0.4935 0.8785 0.015 0.015
0 0.5005 0.8905 0.013 0.015
0 0.557 0.957 0.01 0.008
0 0.5915 0.9385 0.013 0.011
0 0.5625 0.93 0.011 0.014
0 0.568 0.9155 0.012 0.015
0 0.616 0.8855 0.018 0.017
0 0.1275 0.344 0.009 0.01
0 0.1305 0.355 0.011 0.008
0 0.137 0.343 0.008 0.01
0 0.1865 0.3615 0.011 0.007
0 0.2065 0.359 0.007 0.006
0 0.2195 0.3605 0.011 0.007
0 0.2295 0.3575 0.013 0.005
0 0.155 0.3325 0.008 0.009
0 0.139 0.333 0.006 0.006
0 0.145 0.3335 0.004 0.007
0 0.1395 0.4135 0.013 0.013
0 0.1235 0.394 0.011 0.012
0 0.092 0.382 0.01 0.008
0 0.102 0.456 0.008 0.018
0 0.121 0.4455 0.01 0.011
0 0.144 0.4385 0.01 0.019
0 0.1735 0.434 0.009 0.008
0 0.1885 0.4035 0.007 0.007
0 0.2205 0.405 0.007 0.008
0 0.2325 0.439 0.009 0.012
0 0.2185 0.5175 0.013 0.011
0 0.0175 0.464 0.009 0.01
0 0.044 0.47 0.01 0.008
0 0.0765 0.504 0.011 0.01
0 0.103 0.4935 0.01 0.009
0 0.083 0.471 0.01 0.01
0 0.0665 0.443 0.011 0.01
0 0.05 0.435 0.01 0.008
0 0.0295 0.4305 0.009 0.007
0 0.0405 0.393 0.009 0.01
0 0.103 0.3665 0.008 0.011
0 0.0975 0.3735 0.007 0.011
0 0.0905 0.315 0.007 0.01
0 0.042 0.2835 0.006 0.011
0 0.021 0.312 0.012 0.008
0 0.003 0.3075 0.006 0.009
0 0.0235 0.298 0.007 0.01
0 0.0055 0.251 0.007 0.006
0 0.06 0.2285 0.014 0.015
0 0.091 0.257 0.014 0.012
0 0.132 0.258 0.01 0.012
0 0.1445 0.2655 0.013 0.015
0 0.1635 0.2875 0.013 0.009
0 0.1675 0.3065 0.013 0.019
0 0.168 0.272 0.014 0.012
0 0.1805 0.28 0.013 0.014
0 0.263 0.291 0.012 0.012
0 0.2665 0.3125 0.007 0.005
0 0.2895 0.341 0.009 0.01
0 0.274 0.351 0.01 0.012
0 0.285 0.322 0.008 0.01
0 0.282 0.312 0.01 0.01
0 0.253 0.326 0.008 0.01
0 0.2495 0.313 0.015 0.012
0 0.183 0.2985 0.016 0.015
0 0.1985 0.3035 0.011 0.013
0 0.2195 0.3225 0.015 0.011
0 0.243 0.2955 0.01 0.009
0 0.2325 0.304 0.011 0.014
0 0.224 0.2605 0.012 0.015
0 0.2425 0.2795 0.013 0.015
0 0.2555 0.2685 0.015 0.015
0 0.315 0.2955 0.012 0.013
0 0.295 0.3015 0.012 0.015
0 0.361 0.272 0.006 0.01
0 0.338 0.2755 0.014 0.011
0 0.3145 0.2725 0.017 0.015
0 0.374 0.2655 0.008 0.009
0 0.294 0.023 0.01 0.014
0 0.292 0.04 0.01 0.014
0 0.275 0.0425 0.008 0.011
0 0.2965 0.082 0.015 0.014
0 0.2945 0.096 0.015 0.01
0 0.35 0.1 0.006 0.01
0 0.3345 0.1235 0.007 0.009
0 0.299 0.112 0.01 0.01
0 0.3015 0.143 0.013 0.012
0 0.313 0.1235 0.016 0.017
0 0.243 0.1405 0.01 0.013
0 0.278 0.095 0.016 0.016
0 0.3095 0.0905 0.015 0.019
0 0.3145 0.0635 0.009 0.011
0 0.2845 0.064 0.017 0.018
0 0.2415 0.088 0.015 0.014
0 0.224 0.0655 0.012 0.015
0 0.2315 0.0565 0.011 0.011
0 0.0785 0.1505 0.017 0.015
0 0.0995 0.1665 0.015 0.013
0 0.063 0.181 0.008 0.008
0 0.165 0.1925 0.016 0.013
0 0.163 0.204 0.016 0.016
0 0.1165 0.1755 0.015 0.015
0 0.108 0.1885 0.014 0.013
0 0.1525 0.1695 0.011 0.013
0 0.1845 0.1815 0.015 0.015
0 0.175 0.2215 0.018 0.017
0 0.162 0.2445 0.01 0.013
0 0.14 0.2365 0.012 0.011
0 0.131 0.2155 0.014 0.013
0 0.1065 0.2245 0.019 0.015
0 0.201 0.215 0.014 0.016
0 0.238 0.1995 0.014 0.015
0 0.2625 0.2285 0.011 0.009
0 0.8705 0.7625 0.009 0.009
0 0.8515 0.7455 0.009 0.011
0 0.8355 0.733 0.009 0.01
0 0.8495 0.7605 0.009 0.009
0 0.937 0.796 0.01 0.01
0 0.8965 0.779 0.011 0.01
0 0.8705 0.794 0.011 0.01
0 0.8295 0.7985 0.007 0.009
0 0.767 0.793 0.008 0.01
0 0.754 0.796 0.01 0.012
0 0.7835 0.851 0.009 0.01
0 0.788 0.844 0.01 0.01
0 0.8015 0.851 0.009 0.008
0 0.812 0.855 0.01 0.012
0 0.7815 0.8645 0.013 0.015
0 0.793 0.8585 0.006 0.009
0 0.8255 0.9045 0.009 0.009
0 0.8645 0.91 0.011 0.012
0 0.8505 0.9375 0.009 0.011
0 0.8095 0.9725 0.011 0.009
0 0.833 0.9935 0.01 0.009
0 0.8005 0.993 0.009 0.01
0 0.855 0.9695 0.01 0.009
0 0.8425 0.953 0.011 0.012
0 0.0245 0.9815 0.007 0.007
0 0.0795 0.988 0.009 0.01
0 0.1175 0.991 0.009 0.01
0 0.1485 0.976 0.009 0.01
0 0.1635 0.9845 0.009 0.011
0 0.143 0.94 0.008 0.01
0 0.1925 0.9775 0.011 0.013
0 0.161 0.903 0.01 0.01
0 0.183 0.92 0.01 0.01
0 0.1685 0.9205 0.009 0.009
0 0.149 0.887 0.004 0.01
0 0.099 0.8885 0.01 0.009
0 0.034 0.837 0.01 0.008
0 0.0295 0.85 0.007 0.008
0 0.01 0.853 0.008 0.01
0 0.004 0.839 0.006 0.008
0 0.031 0.8155 0.006 0.007
0 0.023 0.8095 0.006 0.009
0 0.1035 0.804 0.011 0.008
0 0.0715 0.807 0.015 0.014
0 0.1005 0.761 0.011 0.01
0 0.125 0.7625 0.008 0.007
0 0.075 0.708 0.01 0.008
0 0.015 0.685 0.008 0.014
0 0.0615 0.696 0.007 0.006
0 0.0715 0.681 0.007 0.008
0 0.036 0.6835 0.008 0.009
0 0.023 0.686 0.008 0.01
0 0.0285 0.6685 0.005 0.007
0 0.023 0.624 0.008 0.01
0 0.0565 0.627 0.009 0.01
0 0.047 0.6215 0.008 0.009
0 0.028 0.643 0.008 0.008
0 0.004 0.617 0.006 0.01
0 0.0065 0.5695 0.007 0.009
0 0.0765 0.544 0.011 0.008
0 0.126 0.5895 0.01 0.009
0 0.0895 0.585 0.009 0.01
0 0.0835 0.5615 0.007 0.009
0 0.1435 0.5405 0.011 0.009
0 0.1155 0.5215 0.009 0.009
0 0.087 0.5175 0.006 0.007
0 0.1305 0.5 0.007 0.008
0 0.145 0.56 0.008 0.014
0 0.1195 0.5535 0.007 0.009
0 0.1435 0.594 0.011 0.014
0 0.1855 0.6075 0.013 0.009
0 0.1715 0.5965 0.011 0.013
0 0.156 0.593 0.008 0.012
0 0.1405 0.644 0.011 0.01
0 0.1595 0.6645 0.009 0.017
0 0.1815 0.6695 0.013 0.011
0 0.181 0.6555 0.012 0.009
0 0.233 0.619 0.012 0.01
0 0.2325 0.693 0.011 0.01
0 0.22 0.6885 0.012 0.017
0 0.1515 0.694 0.009 0.01
0 0.178 0.6895 0.01 0.019
0 0.1095 0.6675 0.009 0.007
0 0.1875 0.7085 0.007 0.007
0 0.1255 0.691 0.013 0.012
0 0.24 0.9075 0.008 0.009
0 0.276 0.9135 0.01 0.009
0 0.25 0.928 0.006 0.01
0 0.358 0.906 0.008 0.01
0 0.339 0.9195 0.008 0.009
0 0.309 0.892 0.008 0.008
0 0.2935 0.902 0.013 0.01
0 0.195 0.5015 0.014 0.011
0 0.216 0.495 0.012 0.01
0 0.13 0.4875 0.008 0.007
0 0.1245 0.479 0.013 0.016
0 0.1795 0.5465 0.011 0.013
0 0.231 0.5965 0.01 0.013
0 0.274 0.578 0.018 0.014
0 0.221 0.5645 0.014 0.009
0 0.243 0.577 0.012 0.014
0 0.1995 0.5765 0.009 0.013
0 0.344 0.054 0.01 0.012
0 0.367 0.0465 0.008 0.007
0 0.2935 0.0085 0.011 0.013
0 0.336 0.0225 0.008 0.009
0 0.3445 0.034 0.009 0.008
0 0.3295 0.0445 0.005 0.011
0 0.371 0.014 0.012 0.012
0 0.335 0.0045 0.008 0.009
0 0.434 0.0635 0.012 0.011
0 0.4085 0.0685 0.009 0.009
0 0.3815 0.07 0.005 0.01
0 0.3785 0.088 0.009 0.01
0 0.3335 0.07 0.005 0.008
0 0.472 0.008 0.01 0.01
0 0.4655 0.0275 0.011 0.013
0 0.5195 0.0135 0.011 0.011
0 0.5675 0.015 0.011 0.012
0 0.578 0.0275 0.01 0.011
0 0.493 0.0055 0.014 0.009
0 0.4735 0.0585 0.015 0.019
0 0.4895 0.043 0.015 0.018
0 0.509 0.0735 0.014 0.019
0 0.548 0.094 0.014 0.02
0 0.5335 0.1 0.017 0.02
0 0.5615 0.094 0.011 0.016
0 0.072 0.966 0.01 0.01
0 0.0785 0.9305 0.009 0.009
0 0.068 0.906 0.012 0.012
0 0.067 0.886 0.012 0.01
0 0.7975 0.0815 0.011 0.009
0 0.756 0.0965 0.012 0.009
0 0.8215 0.089 0.007 0.012
0 0.828 0.133 0.01 0.01
0 0.8365 0.107 0.007 0.01
0 0.839 0.1215 0.008 0.011
0 0.8775 0.138 0.009 0.01
0 0.8365 0.153 0.009 0.016
0 0.911 0.141 0.01 0.008
0 0.913 0.111 0.012 0.012
0 0.991 0.097 0.01 0.01
0 0.9155 0.0725 0.011 0.009
0 0.9655 0.048 0.015 0.008
0 0.9795 0.047 0.009 0.008
0 0.939 0.0245 0.008 0.009
0 0.9485 0.0365 0.009 0.013
0 0.9765 0.039 0.009 0.006
0 0.894 0.0405 0.008 0.009
0 0.857 0.0675 0.008 0.007
0 0.369 0.4685 0.01 0.009
0 0.3775 0.4775 0.007 0.011
0 0.4225 0.502 0.009 0.008
0 0.4485 0.5175 0.007 0.007
0 0.407 0.502 0.008 0.014
0 0.456 0.447 0.008 0.012
0 0.437 0.464 0.008 0.006
0 0.3785 0.4485 0.011 0.011
0 0.337 0.4515 0.006 0.007
0 0.3345 0.531 0.009 0.01
0 0.3115 0.514 0.017 0.018
0 0.295 0.52 0.016 0.018
0 0.322 0.5435 0.014 0.013
0 0.2775 0.5685 0.007 0.007
0 0.1975 0.534 0.009 0.008
0 0.185 0.5265 0.01 0.013
0 0.1985 0.52 0.013 0.014
0 0.257 0.5045 0.012 0.013
0 0.1145 0.4655 0.011 0.011
0 0.3155 0.668 0.013 0.014
0 0.31 0.6825 0.008 0.009
0 0.28 0.709 0.012 0.008
0 0.349 0.7335 0.008 0.009
0 0.3085 0.699 0.011 0.01
0 0.2715 0.67 0.007 0.008
0 0.3285 0.6715 0.011 0.011
0 0.387 0.6745 0.014 0.009
0 0.372 0.689 0.008 0.008
0 0.3615 0.647 0.013 0.012
0 0.3835 0.663 0.011 0.01
0 0.3465 0.6665 0.007 0.007
0 0.3425 0.624 0.013 0.014
0 0.352 0.638 0.012 0.012
0 0.3235 0.6205 0.013 0.015
0 0.2815 0.626 0.013 0.012
0 0.293 0.652 0.01 0.01
0 0.3005 0.621 0.015 0.016
0 0.26 0.6695 0.01 0.013
0 0.7425 0.441 0.007 0.01
0 0.7125 0.4565 0.007 0.009
0 0.747 0.4045 0.012 0.011
0 0.7625 0.418 0.013 0.01
0 0.7545 0.452 0.011 0.01
0 0.7715 0.476 0.017 0.014
0 0.7665 0.5125 0.013 0.015
0 0.812 0.496 0.014 0.014
0 0.795 0.5085 0.01 0.015
0 0.8615 0.4565 0.011 0.013
0 0.9055 0.47 0.019 0.016
0 0.9435 0.476 0.009 0.008
0 0.9465 0.497 0.011 0.008
0 0.9795 0.502 0.009 0.01
0 0.9815 0.518 0.007 0.008
0 0.899 0.5465 0.01 0.007
0 0.958 0.5695 0.012 0.011
0 0.929 0.547 0.008 0.006
0 0.9325 0.564 0.011 0.01
0 0.945 0.5755 0.014 0.011
0 0.9905 0.608 0.009 0.01
0 0.984 0.6165 0.01 0.009
0 0.9625 0.6405 0.011 0.013
0 0.9945 0.645 0.009 0.012
0 0.993 0.6605 0.008 0.007
0 0.9595 0.685 0.009 0.008
0 0.9335 0.677 0.011 0.01
0 0.932 0.6485 0.008 0.009
0 0.8975 0.687 0.009 0.01
0 0.945 0.631 0.018 0.014
0 0.961 0.6215 0.014 0.011
0 0.947 0.5945 0.01 0.011
0 0.9685 0.608 0.013 0.014
0 0.9105 0.6185 0.021 0.019
0 0.8825 0.589 0.009 0.008
0 0.883 0.6045 0.008 0.013
0 0.8625 0.677 0.011 0.008
0 0.8645 0.655 0.009 0.008
0 0.83 0.636 0.01 0.01
0 0.8355 0.6555 0.007 0.007
0 0.856 0.7065 0.01 0.009
0 0.8245 0.6945 0.007 0.009
0 0.835 0.7005 0.008 0.007
0 0.84 0.6775 0.008 0.015
0 0.7725 0.674 0.009 0.008
0 0.791 0.6825 0.01 0.013
0 0.8075 0.706 0.009 0.012
0 0.7535 0.6995 0.009 0.009
0 0.734 0.697 0.008 0.008
0 0.715 0.7285 0.01 0.011
0 0.6985 0.7315 0.009 0.009
0 0.7415 0.709 0.009 0.008
0 0.724 0.777 0.01 0.01
0 0.707 0.756 0.01 0.012
0 0.7215 0.662 0.009 0.008
0 0.786 0.646 0.008 0.01
0 0.784 0.6085 0.01 0.009
0 0.805 0.5755 0.01 0.009
0 0.7995 0.548 0.009 0.01
0 0.861 0.556 0.008 0.012
0 0.866 0.5435 0.008 0.009
0 0.819 0.567 0.004 0.008
0 0.8485 0.5615 0.009 0.009
0 0.909 0.5125 0.014 0.013
0 0.9315 0.518 0.013 0.012
0 0.8775 0.53 0.017 0.012
0 0.8895 0.53 0.011 0.014
0 0.871 0.496 0.014 0.014
0 0.8775 0.5135 0.009 0.011
0 0.918 0.4985 0.012 0.015
0 0.673 0.3285 0.018 0.011
0 0.67 0.391 0.008 0.012
0 0.7485 0.35 0.013 0.01
0 0.7335 0.346 0.009 0.012
0 0.6855 0.347 0.017 0.018
0 0.705 0.362 0.01 0.008
0 0.776 0.314 0.01 0.01
0 0.783 0.3225 0.01 0.009
0 0.8615 0.392 0.009 0.012
0 0.866 0.4035 0.008 0.009
0 0.922 0.4485 0.02 0.015
0 0.9505 0.4075 0.017 0.017
0 0.987 0.4105 0.02 0.017
0 0.9825 0.365 0.011 0.01
0 0.9375 0.3815 0.015 0.015
0 0.9315 0.4065 0.011 0.015
0 0.926 0.3605 0.016 0.015
0 0.9105 0.3775 0.011 0.013
0 0.9185 0.398 0.009 0.014
0 0.9445 0.4235 0.007 0.009
0 0.9375 0.314 0.013 0.014
0 0.925 0.3375 0.014 0.017
0 0.9185 0.3125 0.009 0.015
0 0.8685 0.254 0.011 0.01
0 0.87 0.288 0.006 0.012
0 0.8525 0.2695 0.011 0.011
0 0.9885 0.278 0.007 0.01
0 0.9355 0.265 0.007 0.016
0 0.9235 0.2625 0.009 0.015
0 0.9635 0.2025 0.009 0.011
0 0.994 0.2275 0.01 0.015
0 0.477 0.588 0.014 0.01
0 0.4285 0.5645 0.011 0.009
0 0.478 0.5415 0.008 0.013
0 0.55 0.5405 0.016 0.015
0 0.575 0.5375 0.02 0.023
0 0.62 0.515 0.014 0.018
0 0.467 0.601 0.018 0.012
0 0.038 0.7355 0.016 0.017
0 0.0475 0.725 0.013 0.016
0 0.063 0.7275 0.01 0.013
0 0.19 0.7545 0.014 0.009
0 0.1805 0.7665 0.013 0.013
0 0.165 0.802 0.01 0.01
0 0.181 0.8185 0.01 0.009
0 0.2345 0.8095 0.009 0.011
0 0.239 0.7905 0.008 0.009
0 0.2755 0.79 0.007 0.01
0 0.2525 0.7545 0.011 0.011
0 0.195 0.8155 0.012 0.015
0 0.2655 0.851 0.009 0.008
0 0.199 0.8625 0.008 0.011
0 0.2075 0.8915 0.011 0.009
0 0.825 0.4385 0.016 0.013
0 0.8245 0.417 0.013 0.012
0 0.806 0.428 0.014 0.01
0 0.817 0.357 0.014 0.012
0 0.801 0.3415 0.014 0.015
0 0.8155 0.39 0.013 0.012
0 0.8025 0.376 0.015 0.016
0 0.835 0.363 0.014 0.012
0 0.874 0.3765 0.016 0.015
0 0.8765 0.3925 0.007 0.009
0 0.884 0.3275 0.018 0.019
0 0.5455 0.827 0.007 0.012
0 0.585 0.601 0.016 0.012
0 0.6185 0.556 0.009 0.012
0 0.771 0.755 0.01 0.008
0 0.791 0.7635 0.01 0.011
0 0.7785 0.8175 0.011 0.009
0 0.847 0.847 0.008 0.012
0 0.796 0.795 0.01 0.01
0 0.946 0.7225 0.014 0.011
0 0.9825 0.7235 0.015 0.013
0 0.9635 0.744 0.013 0.008
0 0.7015 0.8165 0.005 0.009
0 0.71 0.7785 0.008 0.009
0 0.762 0.778 0.01 0.01
0 0.8085 0.773 0.009 0.01
0 0.618 0.8135 0.01 0.011
0 0.6955 0.899 0.017 0.022
0 0.711 0.886 0.016 0.018
0 0.669 0.9195 0.016 0.015
0 0.6865 0.886 0.013 0.014
0 0.721 0.863 0.014 0.014
0 0.709 0.8245 0.008 0.009
0 0.745 0.5125 0.014 0.015
0 0.725 0.524 0.012 0.01
0 0.755 0.4965 0.012 0.015
0 0.704 0.4835 0.008 0.013
0 0.745 0.4295 0.01 0.011
0 0.7725 0.4445 0.015 0.013
0 0.838 0.465 0.012 0.016
0 0.8545 0.485 0.017 0.01
0 0.842 0.5155 0.014 0.017
0 0.715 0.439 0.012 0.014
0 0.726 0.4385 0.008 0.015
0 0.546 0.8025 0.016 0.017
0 0.5615 0.7905 0.015 0.017
0 0.574 0.802 0.014 0.016
0 0.7885 0.136 0.013 0.016
0 0.799 0.1425 0.01 0.013
0 0.803 0.1805 0.01 0.011
0 0.8215 0.177 0.011 0.012
0 0.838 0.2075 0.008 0.009
0 0.8585 0.1995 0.011 0.009
0 0.815 0.225 0.014 0.014
0 0.783 0.228 0.012 0.014
0 0.76 0.266 0.01 0.016
0 0.8045 0.277 0.009 0.012
0 0.874 0.3035 0.008 0.009
0 0.864 0.3305 0.01 0.013
0 0.794 0.2935 0.014 0.013
0 0.7935 0.2725 0.009 0.017
0 0.8055 0.2625 0.013 0.011
0 0.8305 0.252 0.007 0.014
0 0.539 0.638 0.014 0.016
0 0.5815 0.6635 0.013 0.017
0 0.5585 0.639 0.009 0.018
0 0.5565 0.6095 0.009 0.011
0 0.5515 0.625 0.011 0.012
0 0.5375 0.6145 0.011 0.017
0 0.477 0.6485 0.016 0.015
0 0.5065 0.657 0.019 0.018
0 0.4555 0.6325 0.015 0.015
0 0.433 0.6405 0.01 0.009
0 0.3435 0.6485 0.007 0.009
0 0.625 0.0185 0.006 0.009
0 0.6325 0.014 0.007 0.008
0 0.643 0.0335 0.01 0.011
0 0.666 0.024 0.008 0.012
0 0.699 0.0105 0.008 0.009
0 0.736 0.005 0.012 0.008
0 0.754 0.0125 0.01 0.009
0 0.7965 0.0475 0.011 0.009
0 0.8215 0.0655 0.007 0.009
0 0.858 0.053 0.008 0.008
0 0.9335 0.082 0.009 0.008
0 0.568 0.3635 0.014 0.013
0 0.593 0.358 0.014 0.014
0 0.6015 0.3675 0.005 0.005
0 0.5575 0.351 0.013 0.014
0 0.6105 0.356 0.009 0.012
0 0.64 0.073 0.008 0.008
0 0.661 0.293 0.02 0.018
0 0.685 0.2865 0.012 0.015
0 0.8445 0.413 0.011 0.012
0 0.0405 0.8075 0.011 0.011
0 0.0575 0.7845 0.011 0.011
0 0.2685 0.405 0.011 0.008
0 0.2845 0.424 0.009 0.008
0 0.3325 0.412 0.009 0.006
0 0.39 0.4105 0.008 0.021
0 0.984 0.9415 0.014 0.011
0 0.959 0.925 0.012 0.008
0 0.9565 0.8965 0.015 0.015
0 0.976 0.9035 0.008 0.007
0 0.9625 0.8715 0.007 0.009
0 0.15 0.369 0.01 0.01
0 0.15 0.3425 0.008 0.009
0 0.2085 0.399 0.011 0.008
0 0.7205 0.674 0.013 0.012
0 0.643 0.1235 0.016 0.017
0 0.9695 0.878 0.009 0.01
0 0.926 0.8605 0.01 0.011
0 0.6115 0.7365 0.009 0.011
0 0.7275 0.583 0.009 0.008
0 0.7475 0.595 0.007 0.006
0 0.668 0.129 0.016 0.018
0 0.6895 0.122 0.015 0.014
0 0.7745 0.147 0.013 0.014
0 0.78 0.1755 0.014 0.013
0 0.7425 0.1705 0.009 0.009
0 0.7735 0.1245 0.017 0.019
0 0.818 0.125 0.01 0.008
0 0.738 0.139 0.01 0.012
0 0.758 0.108 0.012 0.014
0 0.6175 0.0765 0.011 0.009
0 0.6 0.124 0.01 0.014
0 0.5425 0.111 0.009 0.01
0 0.7015 0.226 0.011 0.01
0 0.717 0.2315 0.014 0.013
0 0.708 0.242 0.008 0.008
0 0.7615 0.2515 0.011 0.015
0 0.412 0.02 0.01 0.012
0 0.388 0.054 0.008 0.012
0 0.3215 0.1515 0.015 0.019
0 0.3445 0.1965 0.007 0.007
0 0.3245 0.178 0.011 0.012
0 0.3635 0.2235 0.015 0.017
0 0.6335 0.187 0.017 0.012
0 0.653 0.2055 0.014 0.015
0 0.6755 0.26 0.009 0.008
0 0.727 0.2945 0.008 0.011
0 0.732 0.308 0.008 0.008
0 0.778 0.0495 0.01 0.007
0 0.8195 0.1075 0.009 0.009
0 0.7155 0.3705 0.009 0.011
0 0.73 0.127 0.014 0.012
0 0.2125 0.5335 0.005 0.005
0 0.185 0.474 0.012 0.014
0 0.245 0.4745 0.016 0.015
0 0.3195 0.4575 0.007 0.007
0 0.3195 0.44 0.009 0.008
0 0.394 0.782 0.012 0.01
0 0.772 0.923 0.008 0.008
0 0.7955 0.9295 0.007 0.009
0 0.7855 0.93 0.005 0.01
0 0.048 0.64 0.008 0.006
0 0.964 0.83 0.012 0.012
0 0.9695 0.8395 0.007 0.009
0 0.979 0.8295 0.014 0.011
0 0.99 0.8265 0.01 0.013
0 0.993 0.8425 0.012 0.013
0 0.525 0.99 0.01 0.006
0 0.448 0.98 0.01 0.008
0 0.4845 0.9755 0.017 0.017
0 0.4235 0.9665 0.011 0.007
0 0.2805 0.9855 0.009 0.009
0 0.3195 0.9795 0.009 0.007
0 0.317 0.963 0.008 0.006
0 0.0245 0.7465 0.013 0.013
0 0.061 0.7585 0.014 0.011
0 0.652 0.989 0.006 0.006
0 0.6525 0.978 0.007 0.008
0 0.7215 0.9805 0.005 0.009
0 0.752 0.981 0.008 0.006
0 0.7195 0.941 0.013 0.014
0 0.686 0.959 0.014 0.018
0 0.7025 0.9615 0.013 0.017
0 0.6745 0.968 0.011 0.012
0 0.6655 0.983 0.017 0.018
0 0.61 0.8685 0.01 0.011
0 0.5245 0.804 0.015 0.016
0 0.5255 0.816 0.015 0.014
0 0.487 0.82 0.016 0.016
0 0.459 0.802 0.012 0.022
0 0.4625 0.778 0.007 0.008
0 0.4265 0.7605 0.007 0.011
0 0.444 0.7565 0.01 0.013
0 0.4405 0.7265 0.015 0.015
0 0.013 0.527 0.01 0.008
0 0.01 0.4955 0.006 0.011
0 0.007 0.434 0.006 0.01
0 0.2325 0.0185 0.013 0.011
0 0.148 0.0285 0.012 0.013
0 0.1495 0.0465 0.009 0.013
0 0.103 0.0195 0.014 0.017
0 0.1175 0.0245 0.015 0.015
0 0.126 0.0395 0.012 0.015
0 0.12 0.054 0.012 0.012
0 0.077 0.052 0.012 0.016
0 0.0795 0.0185 0.015 0.015
0 0.0225 0.178 0.013 0.016
0 0.0385 0.169 0.015 0.016
0 0.0685 0.246 0.013 0.012
0 0.0505 0.205 0.013 0.012
0 0.0055 0.1765 0.009 0.011
0 0.041 0.188 0.014 0.016
0 0.02 0.2705 0.006 0.007
0 0.027 0.9175 0.01 0.007
0 0.1015 0.963 0.007 0.006
0 0.12 0.902 0.016 0.012
0 0.1375 0.8935 0.015 0.011
0 0.1085 0.8805 0.013 0.011
0 0.0655 0.8445 0.011 0.015
0 0.1165 0.807 0.011 0.008
0 0.439 0.1515 0.01 0.015
0 0.394 0.995 0.01 0.008
0 0.3755 0.996 0.007 0.004
0 0.4875 0.9945 0.015 0.007
0 0.5285 0.995 0.009 0.008
0 0.5815 0.988 0.011 0.01
0 0.596 0.9935 0.012 0.011
0 0.615 0.128 0.012 0.014
0 0.6285 0.129 0.009 0.014
0 0.599 0.1495 0.01 0.011
0 0.5715 0.15 0.013 0.014
0 0.9065 0.9865 0.009 0.009
0 0.782 0.028 0.006 0.008
0 0.808 0.0235 0.008 0.007
0 0.084 0.692 0.014 0.012
0 0.134 0.7125 0.01 0.009
0 0.1005 0.7165 0.013 0.011
0 0.717 0.4855 0.012 0.015
0 0.6795 0.49 0.007 0.006
0 0.9185 0.826 0.007 0.01
0 0.8925 0.872 0.007 0.008
0 0.835 0.875 0.008 0.006
0 0.844 0.864 0.008 0.008
0 0.8565 0.871 0.011 0.01
0 0.8085 0.88 0.007 0.006
0 0.821 0.8865 0.006 0.009
0 0.031 0.2795 0.008 0.009
0 0.2085 0.2675 0.015 0.011
0 0.3505 0.082 0.007 0.006
0 0.398 0.1915 0.01 0.007
0 0.111 0.0725 0.01 0.017
0 0.1335 0.014 0.013 0.016
0 0.1395 0.0425 0.011 0.015
0 0.0275 0.206 0.015 0.02
0 0.06 0.1895 0.008 0.007
0 0.124 0.153 0.016 0.02
0 0.1415 0.1625 0.013 0.013
0 0.2595 0.1245 0.019 0.027
0 0.3615 0.1025 0.009 0.011
0 0.3705 0.1215 0.011 0.011
0 0.4285 0.2125 0.013 0.021
0 0.4135 0.212 0.013 0.014
0 0.4065 0.2185 0.013 0.015
0 0.449 0.272 0.014 0.018
0 0.582 0.0995 0.014 0.017
0 0.5155 0.044 0.019 0.02
0 0.64 0.0865 0.014 0.011
0 0.7215 0.1185 0.019 0.007
0 0.872 0.038 0.004 0.004
0 0.9455 0.154 0.011 0.016
0 0.905 0.164 0.012 0.014
0 0.9285 0.914 0.009 0.01
0 0.9315 0.936 0.009 0.01
0 0.969 0.983 0.018 0.016
0 0.995 0.9815 0.008 0.019
0 0.951 0.9515 0.014 0.015
0 0.9315 0.98 0.015 0.014
0 0.9795 0.931 0.015 0.012
0 0.9525 0.8705 0.015 0.009
0 0.9605 0.8025 0.013 0.013
0 0.986 0.7925 0.016 0.015
0 0.978 0.8445 0.01 0.011
0 0.898 0.8515 0.01 0.009
0 0.8735 0.832 0.011 0.008
0 0.872 0.8605 0.006 0.009
0 0.9645 0.765 0.007 0.008
0 0.9775 0.7595 0.017 0.017
0 0.848 0.6955 0.008 0.013
0 0.945 0.5435 0.01 0.011
0 0.9755 0.4665 0.019 0.017
0 0.99 0.45 0.016 0.014
0 0.966 0.4215 0.012 0.017
0 0.99 0.3575 0.012 0.015
0 0.976 0.353 0.016 0.012
0 0.961 0.2725 0.018 0.019
0 0.963 0.2435 0.016 0.017
0 0.8175 0.025 0.011 0.014
0 0.7865 0.0125 0.021 0.011
0 0.7625 0.079 0.015 0.016
0 0.7855 0.108 0.011 0.022
0 0.8 0.164 0.014 0.02
0 0.4115 0.04 0.005 0.012
0 0.4545 0.066 0.005 0.006
0 0.4105 0.096 0.025 0.016
0 0.0065 0.319 0.011 0.01
0 0.0355 0.709 0.013 0.01
0 0.0085 0.7605 0.011 0.011
0 0.036 0.7675 0.014 0.015
0 0.0245 0.759 0.011 0.012
0 0.0085 0.741 0.013 0.016
0 0.084 0.865 0.014 0.016
0 0.1115 0.86 0.013 0.014
0 0.0445 0.947 0.009 0.01
0 0.8155 0.961 0.009 0.014
0 0.846 0.393 0.014 0.016
0 0.902 0.3565 0.016 0.015
0 0.823 0.38 0.016 0.016
0 0.5105 0.992 0.015 0.008
0 0.0135 0.7285 0.013 0.013
0 0.017 0.7055 0.014 0.017
0 0.083 0.849 0.016 0.012
0 0.1425 0.84 0.007 0.008
0 0.201 0.83 0.014 0.012
0 0.179 0.7915 0.012 0.017
0 0.3105 0.826 0.017 0.012
0 0.311 0.763 0.012 0.014
0 0.2935 0.686 0.017 0.014
0 0.3525 0.674 0.009 0.01
0 0.754 0.6525 0.01 0.013
0 0.771 0.6455 0.008 0.011
0 0.1285 0.616 0.017 0.014
0 0.1285 0.6265 0.015 0.013
0 0.1235 0.6415 0.011 0.013
0 0.0765 0.585 0.009 0.014
0 0.164 0.5135 0.018 0.015
0 0.1265 0.381 0.013 0.016
0 0.1115 0.4105 0.013 0.013
0 0.1055 0.432 0.013 0.02
0 0.209 0.452 0.016 0.014
0 0.241 0.447 0.018 0.022
0 0.175 0.491 0.018 0.012
0 0.2985 0.4965 0.017 0.015
0 0.488 0.572 0.012 0.016
0 0.4015 0.589 0.009 0.012
0 0.4125 0.5985 0.013 0.009
0 0.5175 0.548 0.011 0.01
0 0.6425 0.553 0.017 0.014
0 0.659 0.5745 0.016 0.015
0 0.713 0.545 0.008 0.014
0 0.662 0.53 0.016 0.014
0 0.729 0.502 0.014 0.016
0 0.0445 0.2665 0.021 0.011
0 0.067 0.309 0.012 0.008
0 0.1115 0.326 0.011 0.01
0 0.085 0.2465 0.018 0.017
0 0.1185 0.277 0.007 0.008
0 0.1665 0.177 0.013 0.012
0 0.1345 0.308 0.015 0.018
0 0.4285 0.332 0.017 0.014
0 0.642 0.3505 0.012 0.013
0 0.662 0.3475 0.016 0.023
0 0.5745 0.8935 0.017 0.017
0 0.633 0.8635 0.01 0.015
0 0.7105 0.8385 0.009 0.011
0 0.794 0.8245 0.014 0.015
0 0.7725 0.5935 0.017 0.029
0 0.6805 0.638 0.009 0.016
0 0.6825 0.8425 0.017 0.021
0 0.615 0.847 0.014 0.008
0 0.453 0.615 0.016 0.018
0 0.184 0.9565 0.016 0.025
0 0.136 0.6715 0.018 0.013
0 0.137 0.681 0.012 0.01
0 0.201 0.6355 0.01 0.029
0 0.1045 0.115 0.009 0.008
0 0.185 0.1285 0.014 0.017
0 0.387 0.157 0.016 0.014
0 0.4505 0.1665 0.011 0.017
0 0.0685 0.0325 0.013 0.011
0 0.0305 0.101 0.009 0.01
0 0.046 0.218 0.006 0.008
0 0.159 0.3505 0.01 0.009
0 0.1655 0.37 0.011 0.006
0 0.143 0.3535 0.008 0.011
0 0.1835 0.268 0.013 0.01
0 0.197 0.2505 0.01 0.011
0 0.2205 0.243 0.013 0.012
0 0.186 0.203 0.022 0.016
0 0.121 0.2345 0.022 0.019
0 0.1575 0.5755 0.013 0.013
0 0.2385 0.632 0.013 0.01
0 0.081 0.7315 0.016 0.013
0 0.148 0.726 0.01 0.01
0 0.045 0.9705 0.008 0.007
0 0.13 0.936 0.012 0.01
0 0.2155 0.8175 0.015 0.013
0 0.2045 0.749 0.015 0.014
0 0.2135 0.7325 0.013 0.009
0 0.2455 0.7355 0.009 0.009
0 0.3575 0.8155 0.007 0.005
0 0.3495 0.8155 0.007 0.007
0 0.4075 0.846 0.009 0.01
0 0.447 0.8295 0.01 0.007
0 0.4775 0.831 0.009 0.01
0 0.698 0.9385 0.016 0.013
0 0.706 0.917 0.014 0.014
0 0.6625 0.9 0.019 0.022
0 0.6335 0.893 0.015 0.01
0 0.769 0.941 0.01 0.008
0 0.878 0.971 0.006 0.006
0 0.8255 0.969 0.011 0.01
0 0.942 0.8525 0.008 0.007
0 0.973 0.8615 0.02 0.013
0 0.9565 0.771 0.009 0.014
0 0.484 0.795 0.016 0.014
0 0.5115 0.913 0.013 0.014
0 0.5305 0.892 0.019 0.022
0 0.6555 0.877 0.017 0.014
0 0.649 0.805 0.012 0.01
0 0.608 0.764 0.012 0.008
0 0.561 0.77 0.016 0.018
0 0.5095 0.7615 0.017 0.015
0 0.415 0.699 0.014 0.014
0 0.5075 0.6255 0.019 0.017
0 0.5995 0.6915 0.013 0.009
0 0.616 0.6865 0.012 0.011
0 0.521 0.5945 0.018 0.017
0 0.498 0.5875 0.016 0.015
0 0.4455 0.5585 0.013 0.013
0 0.348 0.5545 0.014 0.015
0 0.343 0.5195 0.012 0.009
0 0.4215 0.3695 0.009 0.011
0 0.4405 0.396 0.009 0.01
0 0.475 0.3895 0.01 0.011
0 0.444 0.321 0.01 0.01
0 0.463 0.2015 0.014 0.011
0 0.4645 0.183 0.013 0.016
0 0.2305 0.288 0.013 0.012
0 0.1795 0.423 0.025 0.018
0 0.206 0.471 0.016 0.014
0 0.3605 0.5885 0.013 0.013
0 0.3935 0.4925 0.015 0.013
0 0.4075 0.6515 0.013 0.015
0 0.223 0.783 0.016 0.016
0 0.257 0.7365 0.008 0.007
0 0.9525 0.365 0.013 0.012
0 0.845 0.3335 0.02 0.011
0 0.799 0.325 0.014 0.012
0 0.786 0.34 0.014 0.014
0 0.817 0.4045 0.016 0.013
0 0.804 0.4445 0.016 0.013
0 0.8825 0.289 0.011 0.01
0 0.729 0.11 0.012 0.01
0 0.591 0.013 0.014 0.01
0 0.5695 0.259 0.019 0.018
0 0.411 0.2325 0.008 0.011
0 0.607 0.295 0.014 0.012
0 0.6385 0.2815 0.011 0.017
0 0.626 0.3465 0.012 0.015
0 0.6125 0.4005 0.015 0.011
0 0.6465 0.397 0.015 0.012
0 0.5095 0.534 0.015 0.014
0 0.7315 0.476 0.017 0.022
0 0.7855 0.3805 0.017 0.013
0 0.6375 0.224 0.013 0.012
0 0.574 0.085 0.012 0.016
0 0.852 0.132 0.012 0.01
0 0.954 0.114 0.014 0.012
0 0.7335 0.323 0.009 0.016
0 0.5655 0.381 0.009 0.006
0 0.5785 0.3775 0.009 0.007
0 0.602 0.49 0.016 0.014
0 0.603 0.472 0.016 0.016
0 0.671 0.615 0.012 0.02
0 0.66 0.634 0.018 0.016
0 0.6435 0.756 0.011 0.01
0 0.6125 0.718 0.013 0.014
0 0.7745 0.714 0.011 0.014
0 0.7995 0.678 0.009 0.008
0 0.524 0.6745 0.012 0.013
0 0.5575 0.671 0.015 0.012
0 0.223 0.7585 0.018 0.017
0 0.2465 0.8345 0.015 0.017
0 0.379 0.551 0.014 0.016
0 0.379 0.421 0.01 0.008
0 0.316 0.3725 0.018 0.013
0 0.2705 0.364 0.009 0.006
0 0.2375 0.3505 0.011 0.011
0 0.677 0.688 0.01 0.01
0 0.6785 0.764 0.019 0.016
0 0.6815 0.8065 0.011 0.009
0 0.1175 0.925 0.009 0.008
0 0.3195 0.9005 0.011 0.009
0 0.4585 0.973 0.009 0.016
0 0.7945 0.964 0.009 0.008
