0 0.023 0.0505 0.01 0.009
0 0.053 0.052 0.01 0.01
0 0.0445 0.043 0.013 0.012
0 0.064 0.0525 0.012 0.011
0 0.0725 0.0405 0.011 0.009
0 0.101 0.0475 0.01 0.011
0 0.0735 0.058 0.011 0.012
0 0.063 0.076 0.012 0.012
0 0.0615 0.0645 0.011 0.013
0 0.073 0.0685 0.014 0.011
0 0.044 0.0675 0.014 0.009
0 0.0165 0.0625 0.013 0.009
0 0.022 0.085 0.014 0.012
0 0.1175 0.124 0.009 0.014
0 0.126 0.116 0.012 0.012
0 0.14 0.1125 0.012 0.017
0 0.1265 0.1325 0.013 0.013
0 0.098 0.165 0.014 0.012
0 0.1 0.17 0.014 0.01
0 0.0905 0.1535 0.009 0.011
0 0.0975 0.1375 0.013 0.007
0 0.121 0.1715 0.016 0.015
0 0.101 0.1855 0.016 0.019
0 0.1445 0.146 0.013 0.014
0 0.1555 0.141 0.011 0.012
0 0.2495 0.0745 0.013 0.011
0 0.225 0.0615 0.014 0.015
0 0.2235 0.0395 0.015 0.013
0 0.259 0.0075 0.016 0.015
0 0.3195 0.026 0.013 0.008
0 0.3125 0.039 0.009 0.012
0 0.39 0.024 0.012 0.012
0 0.337 0.017 0.014 0.008
0 0.0165 0.1 0.017 0.014
0 0.026 0.1565 0.016 0.015
0 0.0135 0.153 0.015 0.014
0 0.009 0.179 0.016 0.014
0 0.0155 0.1925 0.017 0.015
0 0.019 0.2025 0.014 0.011
0 0.0165 0.2165 0.009 0.011
0 0.0205 0.243 0.013 0.016
0 0.0845 0.2095 0.015 0.013
0 0.0805 0.2225 0.013 0.015
0 0.039 0.186 0.014 0.014
0 0.063 0.207 0.014 0.014
0 0.0955 0.233 0.015 0.014
0 0.0575 0.227 0.011 0.012
0 0.0685 0.227 0.015 0.014
0 0.6955 0.468 0.015 0.014
0 0.6955 0.4415 0.011 0.013
0 0.682 0.4755 0.016 0.013
0 0.6675 0.443 0.015 0.012
0 0.669 0.452 0.012 0.012
0 0.6595 0.485 0.013 0.014
0 0.578 0.4975 0.012 0.013
0 0.587 0.481 0.012 0.012
0 0.5825 0.4405 0.011 0.011
0 0.639 0.4565 0.012 0.013
0 0.561 0.4665 0.012 0.015
0 0.558 0.483 0.012 0.012
0 0.5525 0.473 0.013 0.014
0 0.5765 0.4555 0.013 0.013
0 0.5585 0.453 0.013 0.014
0 0.583 0.4695 0.01 0.011
0 0.588 0.4565 0.012 0.015
0 0.63 0.471 0.014 0.01
0 0.59 0.496 0.014 0.012
0 0.5575 0.5015 0.009 0.015
0 0.5675 0.5025 0.013 0.019
0 0.5675 0.4735 0.013 0.015
0 0.5745 0.4745 0.011 0.015
0 0.5785 0.49 0.013 0.012
0 0.5115 0.497 0.013 0.01
0 0.4645 0.489 0.017 0.014
0 0.427 0.488 0.02 0.016
0 0.4315 0.4985 0.015 0.013
0 0.36 0.492 0.016 0.012
0 0.3555 0.5055 0.011 0.015
0 0.371 0.509 0.012 0.012
0 0.363 0.524 0.012 0.014
0 0.362 0.548 0.01 0.012
0 0.346 0.5215 0.014 0.009
0 0.382 0.547 0.012 0.012
0 0.3595 0.533 0.015 0.012
0 0.3795 0.536 0.011 0.012
0 0.327 0.491 0.01 0.014
0 0.4045 0.492 0.013 0.008
0 0.3945 0.537 0.013 0.014
0 0.304 0.404 0.01 0.016
0 0.2825 0.428 0.013 0.014
0 0.287 0.4465 0.01 0.015
0 0.185 0.428 0.014 0.014
0 0.2005 0.4085 0.011 0.009
0 0.1875 0.4165 0.013 0.011
0 0.168 0.3865 0.014 0.017
0 0.181 0.3755 0.01 0.011
0 0.1965 0.382 0.009 0.01
0 0.184 0.384 0.008 0.01
0 0.196 0.3935 0.01 0.009
0 0.1935 0.4025 0.013 0.009
0 0.1765 0.394 0.007 0.008
0 0.177 0.436 0.014 0.01
0 0.176 0.4575 0.012 0.011
0 0.1645 0.4475 0.009 0.011
0 0.188 0.4485 0.008 0.015
0 0.1805 0.4455 0.007 0.011
0 0.2035 0.422 0.011 0.01
0 0.196 0.4335 0.01 0.013
0 0.2075 0.4375 0.009 0.011
0 0.1965 0.459 0.013 0.014
0 0.193 0.478 0.012 0.012
0 0.1955 0.483 0.009 0.008
0 0.2615 0.4575 0.015 0.011
0 0.25 0.446 0.01 0.012
0 0.2475 0.4345 0.009 0.011
0 0.275 0.4455 0.01 0.015
0 0.2955 0.4275 0.013 0.011
0 0.3065 0.428 0.011 0.014
0 0.305 0.451 0.012 0.014
0 0.314 0.4585 0.014 0.015
0 0.316 0.4405 0.016 0.015
0 0.322 0.427 0.01 0.014
0 0.3195 0.4175 0.007 0.011
0 0.3275 0.4095 0.011 0.013
0 0.339 0.402 0.014 0.016
0 0.3455 0.3915 0.015 0.015
0 0.343 0.376 0.012 0.01
0 0.3085 0.3715 0.015 0.015
0 0.327 0.374 0.008 0.01
0 0.312 0.387 0.008 0.012
0 0.267 0.3985 0.012 0.011
0 0.269 0.411 0.01 0.01
0 0.272 0.485 0.014 0.012
0 0.2905 0.465 0.013 0.014
0 0.2825 0.478 0.015 0.014
0 0.2875 0.4955 0.015 0.013
0 0.3045 0.4945 0.011 0.013
0 0.318 0.4925 0.01 0.011
0 0.3005 0.5145 0.017 0.013
0 0.3035 0.5295 0.015 0.013
0 0.3135 0.542 0.015 0.012
0 0.347 0.565 0.018 0.014
0 0.3025 0.566 0.009 0.014
0 0.245 0.544 0.014 0.012
0 0.2555 0.538 0.011 0.012
0 0.2425 0.5515 0.011 0.011
0 0.2395 0.597 0.013 0.014
0 0.2745 0.596 0.017 0.012
0 0.222 0.6065 0.01 0.015
0 0.2295 0.609 0.011 0.012
0 0.2125 0.6065 0.015 0.013
0 0.191 0.6055 0.014 0.013
0 0.197 0.609 0.008 0.014
0 0.183 0.612 0.012 0.014
0 0.186 0.624 0.012 0.014
0 0.194 0.618 0.012 0.014
0 0.1795 0.6515 0.011 0.011
0 0.1735 0.667 0.017 0.014
0 0.2 0.662 0.012 0.012
0 0.2125 0.661 0.013 0.014
0 0.2355 0.661 0.013 0.014
0 0.222 0.674 0.012 0.016
0 0.2445 0.6815 0.015 0.015
0 0.224 0.703 0.014 0.014
0 0.188 0.7085 0.012 0.013
0 0.1665 0.7065 0.011 0.021
0 0.1545 0.707 0.011 0.016
0 0.1435 0.7035 0.011 0.015
0 0.1305 0.7055 0.013 0.013
0 0.108 0.719 0.016 0.012
0 0.1105 0.7385 0.011 0.015
0 0.1335 0.741 0.009 0.014
0 0.059 0.727 0.014 0.012
0 0.0995 0.7645 0.015 0.013
0 0.0455 0.7 0.013 0.014
0 0.0305 0.703 0.011 0.012
0 0.028 0.7835 0.012 0.013
0 0.0175 0.795 0.011 0.016
0 0.0045 0.795 0.009 0.012
0 0.0365 0.7965 0.009 0.013
0 0.062 0.8165 0.014 0.013
0 0.0665 0.8275 0.013 0.011
0 0.065 0.838 0.012 0.01
0 0.0745 0.8465 0.011 0.011
0 0.0605 0.851 0.009 0.012
0 0.0505 0.856 0.009 0.01
0 0.038 0.862 0.012 0.012
0 0.028 0.868 0.012 0.012
0 0.028 0.878 0.012 0.012
0 0.013 0.891 0.012 0.01
0 0.0135 0.863 0.013 0.014
0 0.007 0.8455 0.014 0.011
0 0.009 0.833 0.01 0.014
0 0.075 0.833 0.012 0.01
0 0.0825 0.8245 0.011 0.011
0 0.0855 0.8415 0.015 0.013
0 0.1445 0.8605 0.009 0.011
0 0.149 0.8895 0.012 0.011
0 0.141 0.879 0.014 0.014
0 0.132 0.859 0.008 0.012
0 0.1005 0.8895 0.013 0.013
0 0.12 0.905 0.014 0.014
0 0.0915 0.9075 0.013 0.011
0 0.082 0.902 0.012 0.012
0 0.089 0.8935 0.01 0.009
0 0.0995 0.8285 0.011 0.011
0 0.079 0.811 0.012 0.01
0 0.1525 0.82 0.015 0.008
0 0.159 0.814 0.014 0.01
0 0.1845 0.82 0.013 0.014
0 0.1635 0.7985 0.015 0.011
0 0.1795 0.802 0.015 0.008
0 0.1605 0.77 0.017 0.014
0 0.1745 0.7895 0.013 0.011
0 0.1395 0.7805 0.017 0.015
0 0.183 0.7835 0.014 0.011
0 0.2305 0.8255 0.015 0.013
0 0.216 0.8325 0.016 0.015
0 0.2305 0.845 0.013 0.014
0 0.2385 0.845 0.015 0.012
0 0.2365 0.877 0.013 0.014
0 0.229 0.868 0.014 0.012
0 0.3135 0.839 0.011 0.016
0 0.301 0.8435 0.01 0.013
0 0.294 0.8555 0.016 0.011
0 0.299 0.868 0.014 0.012
0 0.3495 0.8645 0.015 0.013
0 0.341 0.8695 0.014 0.013
0 0.3345 0.876 0.013 0.014
0 0.327 0.8785 0.014 0.017
0 0.363 0.862 0.014 0.012
0 0.327 0.8185 0.018 0.015
0 0.365 0.835 0.012 0.012
0 0.341 0.822 0.014 0.012
0 0.3355 0.812 0.013 0.012
0 0.3455 0.8335 0.007 0.011
0 0.355 0.8315 0.01 0.013
0 0.36 0.8215 0.014 0.009
0 0.349 0.8165 0.012 0.011
0 0.351 0.849 0.014 0.014
0 0.375 0.828 0.012 0.012
0 0.4 0.8925 0.008 0.015
0 0.3625 0.924 0.015 0.014
0 0.368 0.931 0.012 0.012
0 0.378 0.9405 0.012 0.013
0 0.397 0.9435 0.01 0.009
0 0.404 0.938 0.01 0.01
0 0.4205 0.9455 0.011 0.009
0 0.4195 0.923 0.009 0.008
0 0.462 0.902 0.014 0.01
0 0.473 0.893 0.014 0.012
0 0.449 0.902 0.01 0.01
0 0.4405 0.869 0.011 0.012
0 0.4575 0.863 0.009 0.01
0 0.4775 0.875 0.013 0.012
0 0.4995 0.8535 0.015 0.009
0 0.4375 0.8075 0.009 0.013
0 0.4185 0.794 0.011 0.014
0 0.4165 0.778 0.009 0.008
0 0.411 0.773 0.01 0.008
0 0.4485 0.8035 0.011 0.011
0 0.482 0.7845 0.008 0.011
0 0.447 0.783 0.016 0.018
0 0.4935 0.8025 0.013 0.011
0 0.499 0.7905 0.014 0.015
0 0.4975 0.774 0.011 0.012
0 0.5 0.82 0.012 0.012
0 0.5305 0.8165 0.013 0.011
0 0.5385 0.805 0.015 0.008
0 0.5735 0.835 0.011 0.012
0 0.605 0.7355 0.014 0.011
0 0.6165 0.725 0.015 0.012
0 0.632 0.733 0.014 0.014
0 0.63 0.713 0.016 0.014
0 0.601 0.7155 0.014 0.011
0 0.579 0.696 0.012 0.012
0 0.5695 0.696 0.011 0.014
0 0.5735 0.685 0.013 0.012
0 0.565 0.6775 0.012 0.013
0 0.561 0.6855 0.01 0.011
0 0.5975 0.677 0.011 0.01
0 0.565 0.6635 0.01 0.009
0 0.569 0.6595 0.012 0.009
0 0.576 0.6555 0.01 0.009
0 0.561 0.7085 0.01 0.009
0 0.6615 0.687 0.013 0.012
0 0.653 0.642 0.016 0.012
0 0.6575 0.653 0.015 0.01
0 0.6395 0.6545 0.013 0.013
0 0.611 0.644 0.016 0.012
0 0.617 0.633 0.016 0.016
0 0.6775 0.655 0.015 0.014
0 0.6975 0.6295 0.011 0.011
0 0.7055 0.6115 0.013 0.013
0 0.6685 0.6045 0.011 0.015
0 0.6595 0.5985 0.013 0.015
0 0.6785 0.6035 0.009 0.011
0 0.6745 0.609 0.011 0.01
0 0.6975 0.6205 0.017 0.011
0 0.6985 0.608 0.013 0.016
0 0.6915 0.601 0.011 0.01
0 0.6855 0.6065 0.013 0.011
0 0.714 0.5905 0.018 0.015
0 0.7405 0.5815 0.015 0.013
0 0.628 0.652 0.018 0.01
0 0.637 0.6415 0.014 0.013
0 0.6255 0.642 0.017 0.014
0 0.67 0.6425 0.012 0.013
0 0.6925 0.7055 0.019 0.015
0 0.5855 0.682 0.009 0.014
0 0.589 0.666 0.012 0.012
0 0.5975 0.6845 0.009 0.013
0 0.6025 0.6665 0.015 0.015
0 0.5875 0.6925 0.011 0.013
0 0.651 0.6715 0.014 0.013
0 0.71 0.735 0.016 0.016
0 0.697 0.7425 0.018 0.019
0 0.4675 0.43 0.013 0.014
0 0.452 0.396 0.014 0.014
0 0.443 0.3935 0.016 0.013
0 0.4465 0.3725 0.015 0.015
0 0.416 0.391 0.012 0.012
0 0.4175 0.373 0.011 0.01
0 0.338 0.35 0.01 0.012
0 0.3485 0.3115 0.013 0.015
0 0.325 0.33 0.012 0.014
0 0.277 0.2845 0.016 0.013
0 0.2775 0.2755 0.011 0.011
0 0.273 0.244 0.01 0.008
0 0.2865 0.2395 0.013 0.011
0 0.265 0.2455 0.012 0.011
0 0.2695 0.2645 0.011 0.009
0 0.22 0.283 0.01 0.01
0 0.2645 0.2845 0.009 0.011
0 0.259 0.3035 0.014 0.013
0 0.1245 0.2635 0.015 0.011
0 0.171 0.2445 0.012 0.013
0 0.1815 0.2295 0.009 0.013
0 0.2045 0.1975 0.011 0.013
0 0.229 0.1995 0.008 0.013
0 0.241 0.2285 0.012 0.013
0 0.2455 0.216 0.011 0.01
0 0.273 0.2025 0.01 0.013
0 0.2845 0.192 0.011 0.014
0 0.242 0.176 0.014 0.012
0 0.236 0.1645 0.012 0.013
0 0.2525 0.1625 0.013 0.011
0 0.241 0.1485 0.012 0.013
0 0.2985 0.177 0.015 0.012
0 0.3015 0.1595 0.011 0.015
0 0.2255 0.1535 0.011 0.013
0 0.2635 0.1 0.013 0.016
0 0.2185 0.099 0.009 0.014
0 0.2485 0.132 0.011 0.016
0 0.2175 0.154 0.013 0.01
0 0.322 0.159 0.012 0.01
0 0.3245 0.1755 0.015 0.013
0 0.272 0.189 0.012 0.01
0 0.254 0.203 0.012 0.016
0 0.256 0.1795 0.01 0.009
0 0.2295 0.219 0.013 0.014
0 0.08 0.264 0.014 0.012
0 0.084 0.2515 0.014 0.015
0 0.1145 0.309 0.017 0.016
0 0.1025 0.3045 0.013 0.013
0 0.107 0.3145 0.012 0.013
0 0.1105 0.3375 0.013 0.015
0 0.124 0.331 0.014 0.014
0 0.147 0.3585 0.014 0.011
0 0.156 0.35 0.012 0.01
0 0.123 0.3685 0.012 0.013
0 0.113 0.3825 0.01 0.015
0 0.108 0.3665 0.012 0.011
0 0.1205 0.389 0.009 0.014
0 0.128 0.389 0.01 0.012
0 0.128 0.406 0.014 0.012
0 0.1155 0.408 0.009 0.012
0 0.1335 0.4195 0.015 0.009
0 0.0485 0.397 0.017 0.012
0 0.06 0.3845 0.016 0.015
0 0.021 0.393 0.012 0.012
0 0.031 0.4145 0.018 0.019
0 0.0625 0.4065 0.017 0.017
0 0.0095 0.4045 0.009 0.009
0 0.0135 0.4185 0.015 0.015
0 0.0385 0.384 0.013 0.012
0 0.077 0.3825 0.012 0.011
0 0.0755 0.368 0.011 0.012
0 0.0835 0.3405 0.015 0.013
0 0.082 0.322 0.012 0.012
0 0.0775 0.314 0.013 0.01
0 0.014 0.229 0.012 0.012
0 0.0325 0.1255 0.013 0.011
0 0.063 0.134 0.012 0.012
0 0.0305 0.0725 0.007 0.009
0 0.064 0.0095 0.01 0.011
0 0.12 0.0165 0.012 0.015
0 0.2625 0.0755 0.019 0.015
0 0.313 0.1015 0.012 0.011
0 0.3105 0.1175 0.013 0.013
0 0.31 0.086 0.014 0.01
0 0.3135 0.0735 0.011 0.009
0 0.3345 0.0635 0.013 0.009
0 0.317 0.066 0.012 0.01
0 0.3335 0.047 0.007 0.008
0 0.348 0.07 0.014 0.01
0 0.399 0.068 0.01 0.01
0 0.341 0.0975 0.008 0.007
0 0.344 0.0835 0.012 0.009
0 0.395 0.1035 0.012 0.011
0 0.375 0.01 0.012 0.014
0 0.3645 0.008 0.011 0.012
0 0.4025 0.0365 0.009 0.013
0 0.415 0.0485 0.014 0.011
0 0.437 0.0335 0.014 0.013
0 0.4475 0.022 0.015 0.012
0 0.453 0.01 0.014 0.016
0 0.4305 0.058 0.013 0.012
0 0.424 0.066 0.012 0.012
0 0.377 0.05 0.012 0.008
0 0.364 0.0535 0.008 0.009
0 0.3905 0.054 0.009 0.008
0 0.359 0.0235 0.008 0.009
0 0.3355 0.0045 0.013 0.009
0 0.486 0.028 0.016 0.01
0 0.504 0.0225 0.016 0.013
0 0.4825 0.0445 0.015 0.009
0 0.5595 0.062 0.013 0.012
0 0.541 0.1205 0.014 0.015
0 0.562 0.1065 0.016 0.013
0 0.57 0.0925 0.014 0.011
0 0.5575 0.083 0.011 0.014
0 0.5735 0.0645 0.013 0.013
0 0.6475 0.0465 0.015 0.015
0 0.5435 0.037 0.015 0.014
0 0.691 0.0445 0.012 0.011
0 0.7265 0.052 0.011 0.012
0 0.679 0.056 0.012 0.012
0 0.6275 0.057 0.009 0.014
0 0.65 0.1065 0.012 0.015
0 0.631 0.107 0.014 0.014
0 0.6145 0.1305 0.013 0.013
0 0.636 0.1215 0.008 0.013
0 0.6715 0.15 0.013 0.012
0 0.664 0.191 0.014 0.01
0 0.637 0.18 0.012 0.01
0 0.681 0.1565 0.012 0.013
0 0.7185 0.1625 0.015 0.013
0 0.705 0.1685 0.012 0.013
0 0.709 0.1805 0.014 0.011
0 0.7345 0.163 0.011 0.012
0 0.6935 0.203 0.011 0.014
0 0.7525 0.1385 0.011 0.011
0 0.7545 0.171 0.013 0.012
0 0.9265 0.166 0.015 0.014
0 0.9195 0.1485 0.013 0.009
0 0.8895 0.145 0.009 0.008
0 0.9385 0.1585 0.011 0.011
0 0.832 0.063 0.012 0.012
0 0.87 0.0745 0.01 0.011
0 0.781 0.061 0.016 0.014
0 0.767 0.11 0.006 0.016
0 0.809 0.009 0.014 0.01
0 0.8245 0.0085 0.011 0.013
0 0.88 0.019 0.014 0.01
0 0.89 0.02 0.008 0.008
0 0.884 0.029 0.016 0.014
0 0.9025 0.02 0.011 0.01
0 0.9245 0.027 0.013 0.012
0 0.9285 0.0175 0.011 0.011
0 0.8955 0.0805 0.013 0.013
0 0.897 0.0605 0.012 0.011
0 0.877 0.0675 0.012 0.011
0 0.911 0.0275 0.014 0.011
0 0.9065 0.054 0.009 0.01
0 0.894 0.0485 0.01 0.011
0 0.877 0.0485 0.01 0.015
0 0.7955 0.054 0.015 0.014
0 0.7615 0.083 0.015 0.012
0 0.733 0.118 0.016 0.012
0 0.712 0.105 0.014 0.012
0 0.687 0.114 0.014 0.014
0 0.6675 0.1065 0.019 0.015
0 0.7155 0.067 0.013 0.016
0 0.7345 0.0975 0.013 0.011
0 0.7475 0.1055 0.015 0.013
0 0.292 0.7135 0.014 0.013
0 0.276 0.719 0.012 0.012
0 0.2565 0.7105 0.015 0.013
0 0.255 0.693 0.014 0.014
0 0.2335 0.7025 0.013 0.011
0 0.2395 0.713 0.013 0.012
0 0.176 0.7505 0.012 0.013
0 0.1645 0.76 0.013 0.008
0 0.1625 0.7445 0.009 0.009
0 0.1495 0.747 0.011 0.012
0 0.181 0.727 0.012 0.012
0 0.1795 0.7395 0.013 0.009
0 0.1745 0.7105 0.009 0.013
0 0.259 0.745 0.01 0.01
0 0.255 0.763 0.01 0.012
0 0.2085 0.7915 0.009 0.013
0 0.2055 0.7825 0.009 0.009
0 0.255 0.8 0.012 0.01
0 0.198 0.8025 0.016 0.011
0 0.196 0.792 0.012 0.01
0 0.1915 0.78 0.009 0.008
0 0.16 0.777 0.014 0.008
0 0.4215 0.2005 0.009 0.013
0 0.439 0.2165 0.014 0.013
0 0.449 0.2205 0.01 0.011
0 0.4595 0.2245 0.013 0.007
0 0.4285 0.2505 0.007 0.011
0 0.368 0.2265 0.012 0.013
0 0.3525 0.2185 0.013 0.011
0 0.3365 0.2175 0.009 0.015
0 0.3135 0.244 0.017 0.01
0 0.3255 0.2535 0.015 0.011
0 0.3455 0.256 0.015 0.01
0 0.3425 0.248 0.013 0.008
0 0.336 0.2675 0.012 0.013
0 0.41 0.302 0.014 0.016
0 0.4425 0.2855 0.011 0.013
0 0.4275 0.3145 0.011 0.011
0 0.4475 0.355 0.011 0.014
0 0.4735 0.3105 0.015 0.011
0 0.4875 0.3115 0.009 0.009
0 0.4595 0.2775 0.009 0.009
0 0.433 0.2675 0.006 0.009
0 0.5565 0.271 0.017 0.014
0 0.574 0.275 0.014 0.012
0 0.6065 0.27 0.013 0.012
0 0.6235 0.2705 0.011 0.009
0 0.618 0.267 0.01 0.008
0 0.5645 0.212 0.013 0.012
0 0.5305 0.1535 0.015 0.011
0 0.464 0.1305 0.012 0.011
0 0.4065 0.1245 0.009 0.011
0 0.3685 0.1155 0.019 0.011
0 0.3405 0.1105 0.015 0.013
0 0.3395 0.132 0.013 0.01
0 0.419 0.1215 0.014 0.011
0 0.4805 0.1415 0.017 0.007
0 0.452 0.146 0.014 0.014
0 0.469 0.177 0.016 0.014
0 0.5155 0.124 0.019 0.016
0 0.5085 0.103 0.013 0.01
0 0.3425 0.767 0.015 0.014
0 0.331 0.763 0.012 0.01
0 0.309 0.7535 0.014 0.009
0 0.314 0.7685 0.018 0.011
0 0.2685 0.751 0.011 0.01
0 0.306 0.7205 0.01 0.013
0 0.326 0.7295 0.014 0.015
0 0.365 0.7385 0.014 0.009
0 0.37 0.7455 0.01 0.009
0 0.362 0.745 0.01 0.008
0 0.364 0.7575 0.01 0.007
0 0.3615 0.763 0.009 0.006
0 0.378 0.7595 0.006 0.009
0 0.3465 0.7335 0.011 0.009
0 0.353 0.727 0.014 0.01
0 0.3595 0.7175 0.015 0.011
0 0.3725 0.7105 0.013 0.011
0 0.383 0.707 0.008 0.01
0 0.3935 0.7285 0.011 0.009
0 0.3775 0.722 0.013 0.01
0 0.37 0.7295 0.012 0.009
0 0.402 0.7105 0.014 0.011
0 0.399 0.72 0.014 0.012
0 0.4035 0.6965 0.013 0.013
0 0.409 0.7 0.01 0.01
0 0.3725 0.675 0.013 0.012
0 0.352 0.6745 0.016 0.011
0 0.366 0.662 0.014 0.01
0 0.3875 0.667 0.015 0.012
0 0.4025 0.6755 0.009 0.011
0 0.3975 0.6905 0.013 0.009
0 0.4635 0.7155 0.015 0.013
0 0.4635 0.73 0.011 0.01
0 0.4545 0.764 0.015 0.012
0 0.452 0.74 0.008 0.01
0 0.4625 0.744 0.009 0.012
0 0.5 0.7545 0.016 0.015
0 0.5 0.7405 0.018 0.015
0 0.509 0.685 0.014 0.014
0 0.4925 0.673 0.009 0.012
0 0.4365 0.66 0.015 0.014
0 0.518 0.632 0.014 0.012
0 0.479 0.614 0.012 0.012
0 0.509 0.6245 0.008 0.009
0 0.502 0.5925 0.01 0.009
0 0.501 0.605 0.01 0.012
0 0.481 0.599 0.012 0.012
0 0.441 0.5915 0.012 0.009
0 0.435 0.6165 0.014 0.011
0 0.4195 0.584 0.013 0.014
0 0.4195 0.602 0.005 0.008
0 0.4295 0.6035 0.013 0.011
0 0.472 0.5585 0.014 0.015
0 0.462 0.445 0.01 0.01
0 0.4755 0.4445 0.013 0.013
0 0.4695 0.4545 0.013 0.013
0 0.4515 0.4395 0.013 0.011
0 0.452 0.4545 0.012 0.011
0 0.4425 0.4755 0.013 0.011
0 0.481 0.4635 0.014 0.013
0 0.462 0.5215 0.01 0.011
0 0.4265 0.5485 0.015 0.013
0 0.439 0.54 0.01 0.01
0 0.439 0.523 0.008 0.01
0 0.513 0.53 0.014 0.012
0 0.4885 0.536 0.007 0.01
0 0.513 0.51 0.008 0.006
0 0.5425 0.508 0.009 0.012
0 0.5405 0.492 0.009 0.01
0 0.5025 0.45 0.009 0.014
0 0.483 0.427 0.01 0.012
0 0.4885 0.4225 0.007 0.011
0 0.52 0.418 0.014 0.01
0 0.517 0.4275 0.012 0.013
0 0.511 0.439 0.012 0.014
0 0.5085 0.4085 0.013 0.011
0 0.5235 0.408 0.011 0.012
0 0.4445 0.422 0.015 0.014
0 0.4115 0.4345 0.011 0.011
0 0.406 0.4535 0.014 0.009
0 0.4125 0.4445 0.013 0.013
0 0.3205 0.477 0.011 0.008
0 0.339 0.4875 0.01 0.011
0 0.632 0.341 0.012 0.008
0 0.6325 0.33 0.013 0.012
0 0.633 0.3515 0.014 0.009
0 0.6215 0.3435 0.011 0.013
0 0.604 0.4155 0.012 0.013
0 0.59 0.424 0.006 0.014
0 0.6345 0.4075 0.009 0.009
0 0.6465 0.4085 0.007 0.007
0 0.611 0.398 0.012 0.012
0 0.6425 0.3935 0.013 0.009
0 0.6495 0.399 0.009 0.006
0 0.628 0.368 0.012 0.012
0 0.6385 0.3745 0.009 0.011
0 0.582 0.5435 0.016 0.011
0 0.5765 0.557 0.015 0.01
0 0.561 0.6005 0.012 0.013
0 0.7125 0.6395 0.019 0.011
0 0.733 0.593 0.014 0.012
0 0.758 0.597 0.016 0.014
0 0.796 0.6175 0.012 0.011
0 0.785 0.6255 0.012 0.011
0 0.7655 0.6075 0.011 0.007
0 0.7695 0.631 0.013 0.01
0 0.761 0.6325 0.012 0.015
0 0.7635 0.6485 0.017 0.017
0 0.7805 0.647 0.013 0.012
0 0.737 0.7245 0.016 0.013
0 0.717 0.6925 0.01 0.011
0 0.728 0.682 0.014 0.012
0 0.7435 0.677 0.013 0.01
0 0.7415 0.69 0.013 0.012
0 0.7755 0.6615 0.013 0.011
0 0.8105 0.6565 0.017 0.017
0 0.791 0.6395 0.008 0.009
0 0.851 0.691 0.012 0.014
0 0.8395 0.673 0.009 0.014
0 0.8285 0.714 0.015 0.012
0 0.797 0.7645 0.016 0.015
0 0.8015 0.78 0.015 0.014
0 0.8265 0.8015 0.013 0.015
0 0.378 0.955 0.016 0.014
0 0.395 0.956 0.014 0.012
0 0.4005 0.9765 0.015 0.015
0 0.3655 0.9695 0.015 0.011
0 0.032 0.94 0.01 0.01
0 0.0455 0.945 0.015 0.01
0 0.0735 0.944 0.013 0.01
0 0.067 0.962 0.014 0.01
0 0.0885 0.933 0.013 0.01
0 0.0755 0.966 0.011 0.012
0 0.091 0.9705 0.012 0.013
0 0.1155 0.968 0.011 0.014
0 0.097 0.921 0.014 0.01
0 0.1335 0.939 0.011 0.01
0 0.113 0.9435 0.01 0.011
0 0.1215 0.9345 0.011 0.009
0 0.125 0.9195 0.01 0.013
0 0.1285 0.946 0.013 0.01
0 0.2015 0.9745 0.013 0.011
0 0.1905 0.9845 0.013 0.011
0 0.1855 0.9705 0.009 0.011
0 0.192 0.963 0.014 0.01
0 0.188 0.953 0.014 0.01
0 0.1985 0.956 0.011 0.01
0 0.1855 0.993 0.013 0.01
0 0.2045 0.985 0.013 0.006
0 0.204 0.9915 0.01 0.007
0 0.2255 0.965 0.011 0.012
0 0.235 0.9755 0.014 0.013
0 0.2505 0.983 0.011 0.014
0 0.2415 0.9905 0.015 0.011
0 0.3135 0.994 0.009 0.008
0 0.3245 0.9845 0.013 0.009
0 0.26 0.938 0.016 0.016
0 0.318 0.9505 0.008 0.009
0 0.3195 0.976 0.011 0.012
0 0.3005 0.9945 0.011 0.007
0 0.2525 0.909 0.015 0.014
0 0.2675 0.8875 0.011 0.011
0 0.2595 0.868 0.011 0.008
0 0.253 0.8555 0.014 0.011
0 0.175 0.8815 0.012 0.009
0 0.1845 0.869 0.015 0.014
0 0.176 0.861 0.014 0.014
0 0.1675 0.8875 0.007 0.009
0 0.163 0.8935 0.01 0.013
0 0.175 0.8915 0.008 0.011
0 0.1815 0.8975 0.009 0.009
0 0.1475 0.9065 0.013 0.015
0 0.0835 0.917 0.013 0.012
0 0.6515 0.3105 0.015 0.011
0 0.664 0.3025 0.016 0.011
0 0.6335 0.3145 0.011 0.011
0 0.6385 0.3195 0.013 0.007
0 0.6155 0.318 0.013 0.01
0 0.6225 0.325 0.011 0.012
0 0.6285 0.304 0.013 0.012
0 0.5815 0.348 0.015 0.01
0 0.577 0.312 0.016 0.014
0 0.5275 0.3505 0.013 0.011
0 0.531 0.361 0.012 0.01
0 0.531 0.3765 0.014 0.011
0 0.5375 0.3905 0.013 0.013
0 0.5625 0.387 0.013 0.01
0 0.5505 0.3825 0.015 0.011
0 0.763 0.3895 0.018 0.013
0 0.732 0.3925 0.012 0.015
0 0.7365 0.379 0.011 0.02
0 0.7575 0.3705 0.013 0.013
0 0.7435 0.354 0.013 0.014
0 0.7405 0.339 0.015 0.014
0 0.731 0.346 0.008 0.008
0 0.723 0.332 0.008 0.012
0 0.733 0.325 0.01 0.01
0 0.7015 0.3225 0.023 0.013
0 0.7105 0.3255 0.021 0.011
0 0.6805 0.286 0.011 0.012
0 0.654 0.2955 0.014 0.011
0 0.636 0.271 0.01 0.01
0 0.6465 0.2565 0.013 0.011
0 0.6555 0.249 0.013 0.01
0 0.7035 0.3045 0.015 0.011
0 0.6905 0.3115 0.011 0.013
0 0.713 0.302 0.012 0.012
0 0.756 0.321 0.012 0.014
0 0.772 0.317 0.012 0.012
0 0.7305 0.2965 0.013 0.011
0 0.7405 0.292 0.013 0.012
0 0.763 0.3025 0.012 0.013
0 0.749 0.2695 0.014 0.013
0 0.888 0.2655 0.01 0.009
0 0.898 0.279 0.012 0.012
0 0.8765 0.303 0.013 0.012
0 0.871 0.295 0.012 0.01
0 0.861 0.2895 0.012 0.009
0 0.896 0.3225 0.016 0.015
0 0.9015 0.334 0.013 0.016
0 0.9235 0.3265 0.011 0.013
0 0.9125 0.347 0.015 0.014
0 0.9265 0.453 0.009 0.012
0 0.9305 0.46 0.011 0.01
0 0.9195 0.4685 0.015 0.013
0 0.9525 0.4675 0.011 0.011
0 0.9185 0.4145 0.011 0.015
0 0.919 0.428 0.01 0.008
0 0.9035 0.4005 0.013 0.013
0 0.9375 0.38 0.011 0.008
0 0.8425 0.436 0.013 0.01
0 0.8175 0.416 0.009 0.008
0 0.957 0.348 0.014 0.014
0 0.9815 0.335 0.009 0.01
0 0.946 0.338 0.014 0.01
0 0.946 0.281 0.012 0.012
0 0.917 0.307 0.01 0.01
0 0.9195 0.2985 0.015 0.011
0 0.9325 0.291 0.013 0.01
0 0.9555 0.2455 0.013 0.011
0 0.9675 0.244 0.009 0.01
0 0.939 0.249 0.012 0.014
0 0.9865 0.2165 0.013 0.013
0 0.9835 0.2025 0.013 0.015
0 0.982 0.1905 0.012 0.011
0 0.991 0.1875 0.014 0.013
0 0.9845 0.1715 0.009 0.013
0 0.9045 0.229 0.015 0.012
0 0.855 0.263 0.008 0.01
0 0.8885 0.2325 0.013 0.009
0 0.9225 0.2275 0.013 0.011
0 0.877 0.232 0.012 0.01
0 0.9375 0.1425 0.013 0.009
0 0.966 0.159 0.01 0.01
0 0.976 0.164 0.012 0.014
0 0.9865 0.158 0.009 0.014
0 0.993 0.167 0.008 0.01
0 0.984 0.019 0.014 0.014
0 0.986 0.044 0.012 0.012
0 0.6895 0.803 0.011 0.014
0 0.675 0.8 0.012 0.016
0 0.646 0.834 0.012 0.01
0 0.6435 0.8395 0.011 0.009
0 0.6495 0.865 0.009 0.008
0 0.6785 0.8705 0.009 0.011
0 0.695 0.884 0.012 0.012
0 0.68 0.7705 0.012 0.015
0 0.708 0.786 0.016 0.012
0 0.7045 0.7985 0.011 0.013
0 0.582 0.7805 0.014 0.013
0 0.5905 0.7955 0.013 0.013
0 0.649 0.7705 0.014 0.013
0 0.6625 0.759 0.015 0.014
0 0.6765 0.747 0.015 0.014
0 0.687 0.7465 0.014 0.017
0 0.647 0.729 0.01 0.012
0 0.657 0.728 0.012 0.012
0 0.669 0.7305 0.01 0.011
0 0.604 0.569 0.014 0.014
0 0.64 0.542 0.01 0.012
0 0.621 0.5335 0.012 0.009
0 0.616 0.526 0.012 0.012
0 0.637 0.522 0.016 0.01
0 0.649 0.5285 0.014 0.009
0 0.625 0.5425 0.014 0.011
0 0.6455 0.565 0.013 0.016
0 0.6655 0.542 0.009 0.01
0 0.6725 0.5435 0.009 0.009
0 0.67 0.5335 0.008 0.009
0 0.662 0.534 0.01 0.008
0 0.667 0.553 0.006 0.01
0 0.6835 0.517 0.013 0.012
0 0.6855 0.53 0.013 0.01
0 0.7155 0.5115 0.013 0.009
0 0.727 0.5045 0.012 0.013
0 0.738 0.517 0.01 0.008
0 0.728 0.4875 0.012 0.013
0 0.7245 0.471 0.013 0.016
0 0.721 0.443 0.012 0.014
0 0.7125 0.4425 0.013 0.015
0 0.767 0.444 0.014 0.012
0 0.7795 0.443 0.013 0.012
0 0.752 0.468 0.008 0.012
0 0.782 0.455 0.014 0.014
0 0.7775 0.48 0.009 0.012
0 0.774 0.4605 0.016 0.011
0 0.7925 0.4745 0.011 0.009
0 0.79 0.4965 0.01 0.013
0 0.7735 0.4985 0.011 0.015
0 0.7735 0.5165 0.011 0.013
0 0.834 0.513 0.01 0.014
0 0.8405 0.5025 0.015 0.019
0 0.846 0.493 0.01 0.01
0 0.8525 0.4955 0.011 0.013
0 0.84 0.483 0.01 0.01
0 0.8375 0.5335 0.009 0.011
0 0.819 0.5105 0.014 0.015
0 0.8245 0.5905 0.011 0.011
0 0.8095 0.5805 0.009 0.007
0 0.803 0.6045 0.014 0.013
0 0.852 0.5795 0.016 0.009
0 0.8865 0.5675 0.009 0.009
0 0.8925 0.577 0.011 0.012
0 0.9205 0.5845 0.011 0.011
0 0.9025 0.592 0.015 0.012
0 0.9015 0.7815 0.017 0.013
0 0.8495 0.7895 0.017 0.013
0 0.81 0.8215 0.014 0.013
0 0.682 0.8565 0.012 0.013
0 0.697 0.841 0.014 0.01
0 0.7215 0.8065 0.013 0.011
0 0.7835 0.8345 0.015 0.013
0 0.763 0.822 0.01 0.01
0 0.7875 0.843 0.013 0.012
0 0.772 0.8405 0.012 0.011
0 0.794 0.8355 0.008 0.009
0 0.801 0.8395 0.008 0.009
0 0.777 0.8675 0.012 0.013
0 0.7985 0.902 0.009 0.012
0 0.7845 0.906 0.013 0.012
0 0.79 0.9125 0.008 0.009
0 0.811 0.9095 0.014 0.013
0 0.7905 0.925 0.015 0.012
0 0.8 0.9395 0.012 0.011
0 0.808 0.929 0.012 0.016
0 0.8805 0.886 0.015 0.01
0 0.8825 0.8775 0.015 0.013
0 0.83 0.8875 0.01 0.011
0 0.8575 0.8465 0.013 0.017
0 0.8715 0.8485 0.013 0.013
0 0.886 0.8465 0.014 0.013
0 0.8965 0.836 0.011 0.014
0 0.9065 0.8395 0.011 0.015
0 0.92 0.8435 0.012 0.013
0 0.9035 0.882 0.013 0.014
0 0.9275 0.8335 0.015 0.013
0 0.923 0.854 0.012 0.012
0 0.9655 0.8575 0.015 0.013
0 0.958 0.872 0.012 0.01
0 0.9815 0.852 0.015 0.012
0 0.88 0.792 0.016 0.012
0 0.8215 0.7505 0.013 0.013
0 0.854 0.753 0.018 0.012
0 0.846 0.76 0.014 0.012
0 0.8495 0.7365 0.011 0.013
0 0.887 0.7415 0.018 0.017
0 0.8865 0.708 0.013 0.012
0 0.911 0.697 0.014 0.012
0 0.898 0.758 0.012 0.012
0 0.9195 0.769 0.013 0.014
0 0.907 0.812 0.012 0.01
0 0.928 0.7875 0.016 0.013
0 0.928 0.7625 0.012 0.017
0 0.9365 0.7365 0.015 0.013
0 0.934 0.72 0.014 0.01
0 0.985 0.7085 0.01 0.011
0 0.9755 0.637 0.009 0.01
0 0.979 0.6145 0.008 0.009
0 0.991 0.606 0.016 0.008
0 0.884 0.6225 0.012 0.013
0 0.858 0.6675 0.014 0.015
0 0.8835 0.6385 0.007 0.009
0 0.9015 0.521 0.013 0.012
0 0.022 0.5205 0.014 0.013
0 0.0185 0.5075 0.013 0.011
0 0.016 0.4815 0.012 0.011
0 0.013 0.47 0.014 0.014
0 0.021 0.468 0.01 0.014
0 0.071 0.4995 0.012 0.011
0 0.0975 0.492 0.013 0.01
0 0.1365 0.509 0.011 0.012
0 0.1445 0.483 0.015 0.01
0 0.1115 0.484 0.011 0.008
0 0.1505 0.4985 0.009 0.009
0 0.149 0.5125 0.008 0.011
0 0.1525 0.514 0.007 0.012
0 0.169 0.513 0.008 0.012
0 0.1745 0.5105 0.007 0.011
0 0.183 0.495 0.01 0.008
0 0.2275 0.569 0.017 0.012
0 0.3215 0.567 0.013 0.012
0 0.311 0.567 0.01 0.012
0 0.284 0.589 0.01 0.012
0 0.337 0.5895 0.01 0.011
0 0.3685 0.6025 0.013 0.013
0 0.394 0.593 0.012 0.012
0 0.3985 0.6185 0.013 0.011
0 0.403 0.581 0.012 0.014
0 0.477 0.5765 0.01 0.009
0 0.3695 0.141 0.019 0.006
0 0.375 0.158 0.016 0.01
0 0.369 0.172 0.012 0.012
0 0.3925 0.1625 0.011 0.009
0 0.246 0.353 0.008 0.016
0 0.257 0.3445 0.008 0.007
0 0.235 0.3505 0.008 0.013
0 0.2415 0.3245 0.009 0.011
0 0.243 0.334 0.012 0.012
0 0.2665 0.332 0.009 0.01
0 0.2625 0.3475 0.007 0.007
0 0.252 0.3585 0.008 0.009
0 0.259 0.352 0.008 0.006
0 0.2915 0.2965 0.011 0.011
0 0.3225 0.2685 0.013 0.009
0 0.488 0.3445 0.014 0.015
0 0.519 0.309 0.014 0.012
0 0.499 0.3305 0.016 0.011
0 0.5625 0.287 0.015 0.014
0 0.591 0.2765 0.01 0.011
0 0.006 0.538 0.01 0.008
0 0.005 0.551 0.006 0.01
0 0.039 0.592 0.016 0.012
0 0.0065 0.6055 0.011 0.009
0 0.0585 0.6215 0.019 0.011
0 0.0775 0.64 0.013 0.014
0 0.1015 0.64 0.015 0.012
0 0.066 0.6035 0.012 0.011
0 0.082 0.599 0.012 0.01
0 0.0475 0.5665 0.011 0.007
0 0.059 0.5875 0.012 0.013
0 0.0575 0.5745 0.011 0.009
0 0.0615 0.561 0.009 0.012
0 0.0695 0.5485 0.009 0.011
0 0.075 0.5755 0.008 0.009
0 0.1715 0.4725 0.011 0.013
0 0.2035 0.333 0.009 0.008
0 0.1965 0.3325 0.011 0.007
0 0.1975 0.341 0.011 0.008
0 0.193 0.354 0.01 0.01
0 0.1415 0.339 0.011 0.008
0 0.7395 0.5615 0.015 0.013
0 0.736 0.547 0.012 0.012
0 0.7335 0.5315 0.017 0.015
0 0.721 0.515 0.014 0.014
0 0.135 0.614 0.012 0.012
0 0.1265 0.6185 0.013 0.011
0 0.1485 0.6165 0.015 0.013
0 0.1445 0.644 0.013 0.014
0 0.1275 0.638 0.013 0.012
0 0.103 0.607 0.01 0.008
0 0.08 0.6125 0.01 0.007
0 0.091 0.623 0.008 0.008
0 0.0655 0.631 0.011 0.008
0 0.5495 0.1635 0.015 0.015
0 0.55 0.1895 0.012 0.011
0 0.6115 0.208 0.011 0.012
0 0.6075 0.1855 0.015 0.011
0 0.6265 0.1915 0.015 0.011
0 0.633 0.2405 0.006 0.007
0 0.6125 0.308 0.011 0.01
0 0.642 0.3035 0.018 0.015
0 0.73 0.3625 0.006 0.005
0 0.275 0.7035 0.016 0.011
0 0.2785 0.683 0.011 0.012
0 0.315 0.693 0.014 0.014
0 0.3105 0.6725 0.015 0.015
0 0.3175 0.703 0.011 0.012
0 0.372 0.691 0.012 0.012
0 0.3295 0.692 0.009 0.01
0 0.325 0.68 0.012 0.01
0 0.337 0.578 0.014 0.012
0 0.328 0.582 0.012 0.01
0 0.288 0.6185 0.016 0.011
0 0.2735 0.5575 0.009 0.009
0 0.704 0.5795 0.01 0.009
0 0.3905 0.3905 0.011 0.013
0 0.387 0.3625 0.008 0.013
0 0.921 0.5965 0.014 0.015
0 0.887 0.592 0.012 0.01
0 0.91 0.466 0.014 0.012
0 0.867 0.38 0.014 0.012
0 0.9125 0.3765 0.011 0.007
0 0.844 0.365 0.02 0.016
0 0.832 0.3375 0.016 0.011
0 0.7745 0.2735 0.017 0.015
0 0.759 0.2415 0.008 0.011
0 0.4995 0.318 0.013 0.01
0 0.487 0.303 0.008 0.008
0 0.4825 0.321 0.011 0.012
0 0.5315 0.3395 0.011 0.007
0 0.1855 0.338 0.007 0.008
0 0.3165 0.333 0.013 0.014
0 0.3145 0.3565 0.009 0.009
0 0.8955 0.9105 0.013 0.011
0 0.937 0.908 0.012 0.012
0 0.9175 0.9055 0.013 0.011
0 0.8765 0.9 0.011 0.01
0 0.8915 0.894 0.013 0.01
0 0.8995 0.9275 0.013 0.013
0 0.904 0.939 0.012 0.012
0 0.914 0.9365 0.012 0.011
0 0.923 0.935 0.014 0.012
0 0.938 0.934 0.014 0.012
0 0.912 0.9185 0.014 0.011
0 0.9255 0.915 0.013 0.014
0 0.905 0.9585 0.012 0.013
0 0.9135 0.9685 0.009 0.011
0 0.897 0.9445 0.012 0.013
0 0.9055 0.98 0.011 0.014
0 0.891 0.98 0.01 0.012
0 0.8845 0.9925 0.013 0.013
0 0.94 0.9795 0.006 0.005
0 0.918 0.986 0.006 0.008
0 0.9155 0.993 0.007 0.01
0 0.9615 0.966 0.013 0.012
0 0.957 0.9905 0.012 0.013
0 0.9715 0.9925 0.013 0.009
0 0.977 0.948 0.016 0.016
0 0.9745 0.9235 0.011 0.019
0 0.951 0.902 0.014 0.014
0 0.961 0.768 0.016 0.014
0 0.988 0.757 0.012 0.012
0 0.991 0.771 0.014 0.012
0 0.9275 0.7245 0.015 0.013
0 0.971 0.715 0.014 0.016
0 0.9765 0.733 0.011 0.01
0 0.985 0.724 0.012 0.012
0 0.959 0.6975 0.012 0.013
0 0.9795 0.5945 0.013 0.013
0 0.9925 0.587 0.009 0.01
0 0.54 0.966 0.014 0.014
0 0.5885 0.9615 0.013 0.011
0 0.6185 0.9515 0.011 0.013
0 0.6315 0.96 0.013 0.012
0 0.6455 0.983 0.013 0.012
0 0.5945 0.977 0.013 0.01
0 0.5855 0.9365 0.009 0.009
0 0.612 0.9285 0.01 0.011
0 0.615 0.939 0.012 0.012
0 0.5895 0.905 0.013 0.016
0 0.5845 0.915 0.015 0.014
0 0.603 0.9065 0.012 0.013
0 0.6165 0.9055 0.011 0.013
0 0.609 0.9205 0.01 0.011
0 0.577 0.924 0.01 0.012
0 0.634 0.9295 0.012 0.015
0 0.685 0.937 0.008 0.01
0 0.697 0.9355 0.01 0.011
0 0.677 0.9545 0.014 0.013
0 0.719 0.9675 0.016 0.013
0 0.7385 0.9705 0.013 0.011
0 0.737 0.983 0.014 0.012
0 0.7045 0.957 0.013 0.012
0 0.3705 0.8505 0.015 0.015
0 0.7295 0.883 0.017 0.016
0 0.7425 0.8775 0.011 0.013
0 0.71 0.8985 0.014 0.011
0 0.7235 0.9045 0.017 0.015
0 0.8055 0.8815 0.013 0.013
0 0.7605 0.853 0.015 0.012
0 0.515 0.9055 0.014 0.013
0 0.5145 0.95 0.013 0.01
0 0.5235 0.9575 0.009 0.009
0 0.531 0.911 0.012 0.01
0 0.46 0.88 0.014 0.012
0 0.43 0.868 0.012 0.012
0 0.417 0.9825 0.012 0.011
0 0.4405 0.987 0.011 0.012
0 0.483 0.984 0.012 0.014
0 0.5 0.985 0.014 0.01
0 0.5215 0.9925 0.015 0.011
0 0.388 0.984 0.01 0.01
0 0.505 0.994 0.012 0.01
0 0.6685 0.9895 0.015 0.013
0 0.702 0.9855 0.01 0.011
0 0.7245 0.99 0.007 0.012
0 0.8745 0.8075 0.015 0.013
0 0.8605 0.797 0.015 0.01
0 0.8615 0.813 0.013 0.012
0 0.6355 0.483 0.013 0.012
0 0.667 0.4805 0.01 0.007
0 0.6755 0.4835 0.013 0.013
0 0.6815 0.4625 0.013 0.011
0 0.3655 0.25 0.013 0.006
0 0.242 0.005 0.01 0.008
0 0.3995 0.3215 0.011 0.009
0 0.364 0.332 0.012 0.01
0 0.354 0.313 0.008 0.014
0 0.3345 0.324 0.011 0.012
0 0.0675 0.2395 0.011 0.011
0 0.091 0.2775 0.012 0.013
0 0.0305 0.0245 0.015 0.013
0 0.0675 0.021 0.019 0.018
0 0.06 0.0395 0.014 0.013
0 0.044 0.1145 0.018 0.011
0 0.0775 0.143 0.013 0.012
0 0.033 0.2025 0.016 0.013
0 0.078 0.331 0.014 0.01
0 0.036 0.4645 0.016 0.013
0 0.062 0.4505 0.012 0.011
0 0.0575 0.4745 0.009 0.011
0 0.052 0.464 0.014 0.008
0 0.0225 0.498 0.013 0.012
0 0.029 0.487 0.016 0.01
0 0.024 0.588 0.016 0.012
0 0.0095 0.598 0.015 0.014
0 0.0535 0.5545 0.013 0.011
0 0.061 0.535 0.014 0.012
0 0.0765 0.5355 0.009 0.011
0 0.0725 0.565 0.013 0.012
0 0.165 0.556 0.016 0.024
0 0.154 0.5545 0.012 0.019
0 0.195 0.7145 0.016 0.013
0 0.0805 0.7155 0.013 0.015
0 0.048 0.7115 0.014 0.017
0 0.0105 0.7505 0.015 0.013
0 0.022 0.772 0.018 0.016
0 0.0085 0.982 0.011 0.014
0 0.0915 0.876 0.013 0.012
0 0.145 0.9845 0.012 0.015
0 0.209 0.958 0.01 0.01
0 0.2385 0.916 0.017 0.014
0 0.2415 0.931 0.013 0.016
0 0.428 0.9715 0.016 0.015
0 0.438 0.9755 0.014 0.011
0 0.418 0.9325 0.014 0.009
0 0.3885 0.8955 0.011 0.015
0 0.3705 0.904 0.013 0.012
0 0.361 0.9105 0.008 0.011
0 0.2685 0.9205 0.013 0.013
0 0.308 0.8755 0.016 0.019
0 0.4125 0.8995 0.015 0.011
0 0.4125 0.9095 0.013 0.015
0 0.4145 0.959 0.013 0.01
0 0.534 0.9275 0.012 0.015
0 0.5085 0.9215 0.013 0.015
0 0.5045 0.9365 0.015 0.011
0 0.5825 0.986 0.019 0.016
0 0.6375 0.971 0.023 0.016
0 0.7095 0.8785 0.013 0.011
0 0.652 0.8065 0.016 0.015
0 0.1035 0.1315 0.017 0.019
0 0.154 0.1175 0.016 0.015
0 0.1455 0.1685 0.017 0.013
0 0.155 0.133 0.016 0.012
0 0.1865 0.1775 0.017 0.021
0 0.1675 0.1985 0.017 0.017
0 0.1535 0.285 0.023 0.01
0 0.173 0.2865 0.014 0.011
0 0.1505 0.304 0.013 0.012
0 0.1885 0.2195 0.013 0.015
0 0.2765 0.257 0.017 0.016
0 0.2335 0.2665 0.015 0.013
0 0.2055 0.291 0.015 0.014
0 0.2775 0.314 0.017 0.016
0 0.402 0.362 0.018 0.02
0 0.3485 0.3615 0.013 0.011
0 0.4385 0.3415 0.015 0.013
0 0.749 0.156 0.012 0.014
0 0.719 0.13 0.014 0.012
0 0.6835 0.1395 0.011 0.017
0 0.662 0.1345 0.014 0.011
0 0.7855 0.2285 0.017 0.015
0 0.7385 0.257 0.013 0.01
0 0.7415 0.2435 0.015 0.013
0 0.7365 0.2265 0.017 0.017
0 0.75 0.2245 0.02 0.013
0 0.726 0.235 0.012 0.014
0 0.727 0.2205 0.01 0.013
0 0.7225 0.186 0.013 0.01
0 0.732 0.1955 0.01 0.013
0 0.716 0.2125 0.012 0.013
0 0.692 0.1595 0.012 0.015
0 0.6595 0.1775 0.015 0.013
0 0.6275 0.167 0.017 0.01
0 0.635 0.156 0.016 0.012
0 0.6155 0.1625 0.021 0.011
0 0.637 0.138 0.016 0.014
0 0.6255 0.1185 0.017 0.013
0 0.0765 0.3535 0.011 0.013
0 0.0385 0.426 0.017 0.016
0 0.0455 0.6375 0.015 0.011
0 0.0475 0.806 0.013 0.012
0 0.0225 0.967 0.017 0.014
0 0.0485 0.966 0.015 0.014
0 0.1105 0.9525 0.015 0.013
0 0.632 0.9185 0.016 0.013
0 0.6325 0.882 0.007 0.012
0 0.8185 0.933 0.013 0.012
0 0.8245 0.9255 0.011 0.013
0 0.7885 0.883 0.011 0.014
0 0.7315 0.829 0.019 0.022
0 0.7175 0.8225 0.011 0.009
0 0.749 0.816 0.014 0.014
0 0.6535 0.8225 0.013 0.015
0 0.6145 0.62 0.019 0.014
0 0.6245 0.609 0.015 0.014
0 0.647 0.6025 0.01 0.015
0 0.656 0.5425 0.012 0.013
0 0.648 0.548 0.014 0.012
0 0.63 0.56 0.016 0.012
0 0.5765 0.5835 0.017 0.015
0 0.5705 0.568 0.015 0.016
0 0.561 0.5825 0.014 0.015
0 0.5635 0.549 0.013 0.016
0 0.4695 0.6855 0.015 0.021
0 0.4785 0.6545 0.021 0.019
0 0.4525 0.696 0.019 0.016
0 0.5135 0.658 0.015 0.012
0 0.5615 0.7245 0.015 0.013
0 0.5755 0.6695 0.015 0.011
0 0.467 0.704 0.016 0.014
0 0.3635 0.631 0.017 0.016
0 0.379 0.609 0.016 0.012
0 0.436 0.637 0.012 0.016
0 0.483 0.628 0.012 0.014
0 0.442 0.607 0.018 0.016
0 0.408 0.6325 0.012 0.015
0 0.374 0.647 0.014 0.014
0 0.4235 0.6485 0.015 0.015
0 0.408 0.5455 0.014 0.013
0 0.396 0.5495 0.012 0.009
0 0.3115 0.5825 0.013 0.013
0 0.322 0.594 0.014 0.014
0 0.316 0.6035 0.014 0.013
0 0.301 0.553 0.012 0.012
0 0.293 0.584 0.014 0.012
0 0.2855 0.542 0.013 0.014
0 0.1465 0.8435 0.013 0.013
0 0.1515 0.829 0.013 0.012
0 0.1695 0.811 0.013 0.012
0 0.009 0.95 0.014 0.012
0 0.6695 0.936 0.015 0.018
0 0.9465 0.9225 0.013 0.015
0 0.98 0.967 0.014 0.012
0 0.964 0.976 0.012 0.018
0 0.9075 0.7995 0.017 0.015
0 0.852 0.777 0.016 0.014
0 0.8435 0.8005 0.015 0.015
0 0.942 0.761 0.012 0.014
0 0.8315 0.743 0.013 0.012
0 0.836 0.73 0.014 0.014
0 0.874 0.6965 0.014 0.015
0 0.9195 0.7095 0.015 0.013
0 0.892 0.721 0.014 0.012
0 0.7295 0.6685 0.017 0.013
0 0.685 0.6295 0.018 0.013
0 0.811 0.5255 0.012 0.013
0 0.817 0.542 0.016 0.014
0 0.827 0.562 0.018 0.018
0 0.807 0.568 0.012 0.014
0 0.846 0.562 0.016 0.014
0 0.872 0.5605 0.016 0.011
0 0.815 0.6025 0.016 0.015
0 0.8485 0.5935 0.019 0.013
0 0.872 0.5345 0.012 0.013
0 0.872 0.5145 0.016 0.013
0 0.8985 0.5095 0.017 0.013
0 0.9105 0.518 0.015 0.012
0 0.8215 0.474 0.023 0.016
0 0.6175 0.4165 0.015 0.015
0 0.6365 0.417 0.015 0.016
0 0.605 0.3575 0.016 0.015
0 0.57 0.3315 0.016 0.013
0 0.6005 0.3135 0.015 0.019
0 0.5485 0.266 0.017 0.012
0 0.1515 0.2605 0.015 0.009
0 0.3015 0.2315 0.015 0.013
0 0.39 0.2305 0.016 0.015
0 0.4025 0.2525 0.017 0.013
0 0.415 0.2695 0.014 0.009
0 0.4555 0.24 0.015 0.014
0 0.438 0.2415 0.014 0.015
0 0.447 0.262 0.016 0.014
0 0.4455 0.3355 0.015 0.013
0 0.4125 0.317 0.015 0.012
0 0.4655 0.299 0.015 0.012
0 0.3995 0.4975 0.013 0.011
0 0.416 0.507 0.016 0.012
0 0.458 0.539 0.016 0.012
0 0.471 0.531 0.014 0.012
0 0.488 0.52 0.014 0.012
0 0.4985 0.5105 0.011 0.013
0 0.5075 0.486 0.013 0.016
0 0.45 0.49 0.01 0.014
0 0.372 0.46 0.016 0.014
0 0.3935 0.457 0.013 0.008
0 0.3565 0.4585 0.015 0.017
0 0.3795 0.4345 0.011 0.013
0 0.394 0.433 0.014 0.012
0 0.3635 0.439 0.015 0.018
0 0.1125 0.427 0.015 0.012
0 0.0925 0.4445 0.017 0.013
0 0.244 0.101 0.012 0.014
0 0.223 0.0815 0.016 0.011
0 0.2285 0.1205 0.015 0.021
0 0.252 0.032 0.018 0.014
0 0.262 0.0575 0.014 0.015
0 0.184 0.0075 0.014 0.013
0 0.2385 0.0255 0.015 0.017
0 0.323 0.053 0.016 0.012
0 0.3515 0.053 0.011 0.01
0 0.423 0.16 0.016 0.014
0 0.4255 0.184 0.017 0.014
0 0.435 0.1525 0.014 0.013
0 0.465 0.148 0.016 0.014
0 0.5065 0.149 0.017 0.014
0 0.5735 0.123 0.017 0.016
0 0.55 0.107 0.014 0.014
0 0.546 0.092 0.016 0.014
0 0.495 0.179 0.012 0.014
0 0.3845 0.1825 0.017 0.013
0 0.4045 0.202 0.015 0.01
0 0.382 0.203 0.014 0.014
0 0.29 0.1345 0.014 0.013
0 0.3015 0.1335 0.009 0.009
0 0.6005 0.031 0.013 0.016
0 0.5855 0.0375 0.017 0.017
0 0.5625 0.033 0.017 0.014
0 0.607 0.07 0.016 0.026
0 0.581 0.0765 0.016 0.015
0 0.5265 0.088 0.019 0.016
0 0.5125 0.0835 0.009 0.015
0 0.5265 0.106 0.017 0.016
0 0.5 0.0635 0.016 0.013
0 0.4695 0.042 0.017 0.024
0 0.4565 0.0435 0.017 0.021
0 0.5145 0.0635 0.017 0.015
0 0.532 0.058 0.018 0.01
0 0.512 0.1175 0.02 0.013
0 0.554 0.1335 0.018 0.015
0 0.549 0.149 0.02 0.016
0 0.6015 0.1655 0.019 0.011
0 0.612 0.174 0.016 0.01
0 0.5325 0.1995 0.013 0.013
0 0.699 0.073 0.018 0.016
0 0.7125 0.0535 0.017 0.015
0 0.688 0.0655 0.02 0.015
0 0.7205 0.0415 0.013 0.013
0 0.767 0.07 0.016 0.014
0 0.7825 0.104 0.015 0.014
0 0.801 0.098 0.016 0.018
0 0.826 0.0845 0.012 0.013
0 0.8165 0.0695 0.015 0.015
0 0.826 0.0545 0.014 0.013
0 0.816 0.0855 0.016 0.013
0 0.863 0.0895 0.016 0.013
0 0.837 0.0805 0.018 0.013
0 0.8375 0.0495 0.015 0.011
0 0.896 0.0705 0.018 0.009
0 0.9135 0.041 0.011 0.016
0 0.9 0.037 0.012 0.014
0 0.899 0.105 0.016 0.016
0 0.8435 0.1555 0.013 0.009
0 0.899 0.1215 0.01 0.015
0 0.739 0.175 0.014 0.012
0 0.693 0.1835 0.014 0.013
0 0.539 0.0685 0.012 0.013
0 0.5435 0.0545 0.017 0.011
0 0.5795 0.051 0.015 0.01
0 0.6165 0.025 0.017 0.016
0 0.6365 0.016 0.019 0.016
0 0.668 0.0065 0.018 0.011
0 0.8555 0.0735 0.013 0.013
0 0.8655 0.1005 0.015 0.013
0 0.872 0.1155 0.012 0.013
0 0.837 0.1705 0.02 0.013
0 0.845 0.177 0.018 0.018
0 0.8915 0.1575 0.015 0.011
0 0.8855 0.13 0.011 0.016
0 0.972 0.0175 0.016 0.017
0 0.943 0.111 0.012 0.012
0 0.9495 0.132 0.015 0.01
0 0.905 0.172 0.014 0.014
0 0.8945 0.1845 0.017 0.017
0 0.881 0.2195 0.016 0.013
0 0.881 0.162 0.014 0.014
0 0.9705 0.1325 0.013 0.013
0 0.934 0.226 0.012 0.012
0 0.95 0.2945 0.018 0.013
0 0.9465 0.3235 0.015 0.013
0 0.968 0.315 0.016 0.012
0 0.976 0.2915 0.016 0.011
0 0.9775 0.3025 0.021 0.009
0 0.973 0.3315 0.014 0.009
0 0.978 0.3465 0.016 0.011
0 0.932 0.3535 0.016 0.013
0 0.8575 0.351 0.015 0.01
0 0.8645 0.3635 0.017 0.009
0 0.889 0.385 0.014 0.01
0 0.8905 0.372 0.017 0.014
0 0.8255 0.4 0.015 0.014
0 0.8355 0.407 0.015 0.012
0 0.8375 0.418 0.015 0.01
0 0.842 0.4255 0.016 0.009
0 0.823 0.4245 0.016 0.013
0 0.765 0.4275 0.016 0.013
0 0.7215 0.4285 0.013 0.015
0 0.6485 0.4835 0.015 0.013
0 0.6825 0.448 0.017 0.012
0 0.653 0.4465 0.01 0.013
0 0.502 0.7075 0.014 0.013
0 0.552 0.773 0.01 0.016
0 0.468 0.84 0.012 0.018
0 0.4785 0.853 0.011 0.016
0 0.537 0.844 0.014 0.012
0 0.586 0.824 0.012 0.016
0 0.588 0.8085 0.014 0.011
0 0.56 0.836 0.014 0.014
0 0.548 0.83 0.014 0.012
0 0.557 0.8245 0.014 0.011
0 0.55 0.843 0.01 0.008
0 0.526 0.8495 0.016 0.011
0 0.5165 0.824 0.013 0.012
0 0.5095 0.807 0.013 0.012
0 0.524 0.86 0.014 0.014
0 0.6345 0.695 0.021 0.018
0 0.6345 0.6 0.017 0.016
0 0.762 0.6165 0.016 0.013
0 0.872 0.6455 0.014 0.017
0 0.894 0.6515 0.014 0.015
0 0.908 0.636 0.018 0.018
0 0.939 0.634 0.014 0.016
0 0.9615 0.662 0.009 0.014
0 0.9505 0.653 0.015 0.018
0 0.9525 0.665 0.013 0.012
0 0.94 0.677 0.02 0.022
0 0.907 0.6545 0.01 0.007
0 0.9235 0.655 0.011 0.01
0 0.9635 0.6795 0.013 0.011
0 0.974 0.694 0.014 0.016
0 0.925 0.6155 0.022 0.021
0 0.8985 0.609 0.017 0.012
0 0.8765 0.596 0.013 0.012
0 0.878 0.578 0.014 0.012
0 0.867 0.5695 0.012 0.013
0 0.7835 0.3135 0.015 0.015
0 0.858 0.341 0.012 0.012
0 0.87 0.2845 0.014 0.011
0 0.854 0.2815 0.014 0.013
0 0.8625 0.2725 0.015 0.015
0 0.868 0.2635 0.014 0.013
0 0.8785 0.2485 0.013 0.011
0 0.7475 0.3305 0.013 0.013
0 0.779 0.2945 0.014 0.015
0 0.7905 0.275 0.013 0.014
0 0.7065 0.043 0.011 0.01
0 0.8245 0.0285 0.013 0.015
0 0.8385 0.0085 0.015 0.013
0 0.908 0.22 0.014 0.012
0 0.598 0.4355 0.012 0.015
0 0.603 0.391 0.014 0.012
0 0.614 0.385 0.012 0.014
0 0.644 0.3345 0.018 0.013
0 0.613 0.2465 0.014 0.013
0 0.4595 0.288 0.021 0.014
0 0.423 0.217 0.014 0.014
0 0.4745 0.1355 0.015 0.013
0 0.565 0.2315 0.014 0.013
0 0.6215 0.3785 0.017 0.015
0 0.657 0.371 0.014 0.014
0 0.656 0.385 0.016 0.014
0 0.6965 0.451 0.017 0.012
0 0.9505 0.439 0.017 0.014
0 0.9425 0.389 0.013 0.01
0 0.9485 0.4035 0.015 0.013
0 0.9605 0.4155 0.013 0.013
0 0.991 0.422 0.012 0.012
0 0.6005 0.5385 0.015 0.013
0 0.6535 0.556 0.015 0.016
0 0.668 0.52 0.016 0.012
0 0.6985 0.5275 0.015 0.013
0 0.7955 0.486 0.015 0.01
0 0.9145 0.5725 0.021 0.021
0 0.925 0.7805 0.016 0.011
0 0.8115 0.7965 0.017 0.017
0 0.8655 0.7865 0.019 0.013
0 0.7515 0.8335 0.017 0.013
0 0.803 0.8495 0.016 0.009
0 0.8205 0.8445 0.013 0.013
0 0.843 0.8475 0.014 0.013
0 0.841 0.8835 0.014 0.015
0 0.8565 0.878 0.013 0.012
0 0.834 0.925 0.012 0.016
0 0.798 0.9585 0.016 0.011
0 0.8115 0.942 0.013 0.014
0 0.609 0.7705 0.024 0.017
0 0.631 0.747 0.02 0.014
0 0.4745 0.673 0.013 0.012
0 0.3345 0.6995 0.015 0.013
0 0.393 0.678 0.014 0.016
0 0.2725 0.7785 0.013 0.013
0 0.279 0.7915 0.014 0.013
0 0.295 0.77 0.012 0.012
0 0.2635 0.8075 0.011 0.013
0 0.429 0.7905 0.018 0.019
0 0.4335 0.8305 0.017 0.017
0 0.436 0.845 0.016 0.018
0 0.43 0.811 0.012 0.016
0 0.391 0.7755 0.016 0.013
0 0.3735 0.7715 0.013 0.011
0 0.357 0.7485 0.018 0.009
0 0.2625 0.6745 0.015 0.011
0 0.2985 0.6895 0.011 0.017
0 0.125 0.7195 0.016 0.009
0 0.225 0.7195 0.014 0.013
0 0.073 0.697 0.012 0.01
0 0.012 0.5645 0.014 0.011
0 0.528 0.506 0.014 0.014
0 0.5085 0.546 0.015 0.012
0 0.508 0.575 0.016 0.014
0 0.484 0.5855 0.012 0.009
0 0.165 0.2265 0.016 0.017
0 0.5415 0.7865 0.017 0.013
0 0.0105 0.994 0.013 0.01
0 0.107 0.9935 0.014 0.011
0 0.1995 0.996 0.011 0.006
0 0.989 0.948 0.014 0.014
0 0.9945 0.9225 0.009 0.017
0 0.994 0.8375 0.01 0.015
0 0.993 0.292 0.012 0.012
0 0.993 0.237 0.012 0.014
0 0.4795 0.9955 0.013 0.005
0 0.396 0.9935 0.012 0.011
0 0.046 0.172 0.01 0.012
0 0.226 0.64 0.012 0.012
0 0.551 0.874 0.01 0.012
