0 0.0265 0.039 0.017 0.028
0 0.0445 0.104 0.021 0.024
0 0.0375 0.1205 0.019 0.021
0 0.034 0.164 0.024 0.026
0 0.031 0.1905 0.024 0.015
0 0.0675 0.2345 0.017 0.031
0 0.0505 0.3125 0.027 0.023
0 0.0145 0.325 0.023 0.02
0 0.05 0.363 0.018 0.03
0 0.021 0.405 0.02 0.026
0 0.016 0.366 0.018 0.032
0 0.0685 0.382 0.029 0.016
0 0.064 0.4 0.018 0.02
0 0.08 0.3505 0.022 0.027
0 0.029 0.279 0.018 0.026
0 0.1125 0.1355 0.017 0.035
0 0.091 0.151 0.018 0.038
0 0.0695 0.108 0.017 0.032
0 0.1185 0.08 0.019 0.028
0 0.147 0.074 0.018 0.026
0 0.186 0.134 0.016 0.03
0 0.241 0.1125 0.018 0.019
0 0.3705 0.0485 0.023 0.023
0 0.618 0.0985 0.018 0.023
0 0.9615 0.4325 0.031 0.025
0 0.8315 0.5955 0.023 0.033
0 0.79 0.6775 0.04 0.025
0 0.726 0.675 0.03 0.028
0 0.618 0.6325 0.042 0.035
0 0.5505 0.696 0.035 0.026
0 0.486 0.79 0.028 0.036
0 0.5855 0.7905 0.035 0.039
0 0.7335 0.7995 0.037 0.023
0 0.706 0.753 0.036 0.034
0 0.676 0.7985 0.02 0.033
0 0.5285 0.668 0.039 0.036
0 0.39 0.7765 0.028 0.029
0 0.4585 0.743 0.031 0.034
0 0.174 0.657 0.03 0.036
0 0.2435 0.6495 0.021 0.021
0 0.229 0.6185 0.034 0.027
0 0.2615 0.576 0.043 0.036
0 0.1725 0.5685 0.019 0.031
0 0.0885 0.588 0.013 0.024
0 0.089 0.446 0.02 0.018
0 0.1305 0.4155 0.019 0.013
0 0.107 0.363 0.014 0.024
0 0.176 0.3655 0.02 0.015
0 0.2915 0.3595 0.031 0.025
0 0.3485 0.3595 0.025 0.029
0 0.4245 0.427 0.025 0.04
0 0.4755 0.3895 0.035 0.039
0 0.5295 0.399 0.029 0.036
0 0.5625 0.361 0.027 0.026
0 0.025 0.745 0.032 0.032
0 0.2635 0.5055 0.025 0.027
0 0.294 0.4925 0.028 0.029
0 0.301 0.4665 0.026 0.029
0 0.353 0.508 0.024 0.022
0 0.3175 0.4305 0.029 0.037
0 0.4355 0.295 0.033 0.03
0 0.4065 0.243 0.019 0.022
0 0.6225 0.3945 0.021 0.023
0 0.6565 0.405 0.029 0.03
0 0.722 0.5055 0.034 0.029
0 0.5905 0.873 0.037 0.036
0 0.662 0.891 0.024 0.034
0 0.7715 0.7945 0.027 0.019
0 0.9815 0.059 0.021 0.028
0 0.8115 0.189 0.015 0.016
0 0.9185 0.376 0.017 0.016
0 0.973 0.4555 0.016 0.013
0 0.575 0.5955 0.042 0.031
0 0.602 0.5695 0.02 0.025
0 0.7655 0.548 0.023 0.024
0 0.7265 0.41 0.021 0.036
0 0.788 0.5035 0.026 0.027
0 0.9195 0.8145 0.011 0.017
0 0.8615 0.974 0.023 0.032
0 0.7345 0.8445 0.015 0.023
0 0.6895 0.884 0.021 0.022
0 0.4885 0.954 0.025 0.022
0 0.4445 0.927 0.019 0.016
0 0.323 0.9315 0.022 0.023
0 0.3065 0.701 0.023 0.028
0 0.364 0.7005 0.032 0.037
0 0.358 0.549 0.032 0.044
0 0.222 0.4265 0.02 0.037
0 0.2385 0.405 0.019 0.02
0 0.2155 0.583 0.035 0.028
0 0.2215 0.725 0.015 0.016
0 0.2395 0.7305 0.015 0.013
0 0.213 0.7675 0.02 0.019
0 0.253 0.7695 0.046 0.023
0 0.265 0.7425 0.04 0.015
0 0.3465 0.7995 0.027 0.021
0 0.4065 0.887 0.029 0.048
0 0.573 0.8245 0.016 0.025
0 0.7735 0.7595 0.037 0.031
0 0.6655 0.4775 0.017 0.031
0 0.7925 0.4645 0.023 0.031
0 0.819 0.966 0.012 0.022
0 0.6365 0.9105 0.017 0.015
0 0.6455 0.8665 0.025 0.019
0 0.3345 0.867 0.037 0.02
0 0.25 0.8875 0.02 0.035
0 0.203 0.2555 0.016 0.025
0 0.084 0.246 0.01 0.016
0 0.052 0.228 0.016 0.018
0 0.0085 0.3005 0.015 0.017
0 0.0565 0.015 0.009 0.024
0 0.075 0.0235 0.018 0.019
0 0.1055 0.0285 0.013 0.013
0 0.14 0.028 0.01 0.014
0 0.1495 0.012 0.017 0.014
0 0.219 0.009 0.022 0.016
0 0.35 0.1505 0.02 0.019
0 0.8365 0.1755 0.013 0.013
0 0.8265 0.032 0.021 0.014
0 0.8615 0.0185 0.021 0.027
0 0.683 0.108 0.022 0.022
0 0.4155 0.1425 0.021 0.025
0 0.2405 0.177 0.017 0.034
0 0.1465 0.2265 0.019 0.027
0 0.1535 0.1945 0.015 0.021
0 0.153 0.4345 0.022 0.025
0 0.1635 0.702 0.025 0.02
0 0.9505 0.04 0.037 0.024
0 0.663 0.3495 0.02 0.027
0 0.719 0.5385 0.04 0.033
0 0.6745 0.618 0.023 0.024
0 0.862 0.707 0.02 0.03
0 0.9735 0.7135 0.027 0.019
0 0.9585 0.6 0.017 0.02
0 0.5515 0.295 0.029 0.028
0 0.61 0.325 0.026 0.026
0 0.346 0.3925 0.026 0.019
0 0.3325 0.4525 0.019 0.023
0 0.0265 0.9095 0.027 0.025
0 0.042 0.8855 0.01 0.019
0 0.095 0.9695 0.018 0.023
0 0.466 0.4235 0.014 0.019
0 0.4475 0.432 0.017 0.028
0 0.308 0.3415 0.024 0.025
0 0.772 0.256 0.014 0.018
0 0.7915 0.4005 0.019 0.029
0 0.761 0.656 0.024 0.014
0 0.7875 0.646 0.017 0.018
0 0.682 0.856 0.038 0.024
0 0.454 0.774 0.028 0.034
0 0.5155 0.7105 0.023 0.031
0 0.726 0.814 0.018 0.016
0 0.8075 0.616 0.031 0.024
0 0.633 0.7095 0.03 0.035
0 0.6525 0.716 0.023 0.024
0 0.2195 0.801 0.033 0.036
0 0.135 0.947 0.022 0.024
0 0.0285 0.99 0.021 0.018
0 0.016 0.88 0.03 0.042
0 0.022 0.829 0.012 0.01
0 0.0075 0.501 0.013 0.034
0 0.0615 0.329 0.017 0.014
0 0.0995 0.1115 0.011 0.017
0 0.083 0.029 0.012 0.03
0 0.8405 0.0935 0.017 0.015
0 0.8105 0.0155 0.011 0.021
0 0.8455 0.3625 0.011 0.013
0 0.816 0.814 0.02 0.018
0 0.3785 0.946 0.037 0.028
0 0.421 0.9405 0.022 0.023
0 0.2665 0.9755 0.015 0.013
0 0.261 0.9905 0.016 0.017
0 0.1685 0.9905 0.023 0.017
0 0.175 0.9675 0.012 0.015
0 0.0925 0.9945 0.017 0.009
0 0.039 0.705 0.016 0.04
0 0.019 0.603 0.012 0.02
0 0.084 0.426 0.022 0.016
0 0.1485 0.319 0.021 0.016
0 0.146 0.3385 0.012 0.025
0 0.1725 0.3215 0.015 0.013
0 0.2125 0.232 0.011 0.01
0 0.2095 0.213 0.017 0.02
0 0.287 0.075 0.016 0.014
0 0.649 0.066 0.016 0.016
0 0.829 0.0795 0.016 0.015
0 0.6555 0.087 0.013 0.01
0 0.4195 0.23 0.019 0.018
0 0.3085 0.6265 0.037 0.023
0 0.319 0.65 0.026 0.03
0 0.2985 0.6505 0.025 0.015
0 0.257 0.6785 0.042 0.031
0 0.171 0.752 0.018 0.016
0 0.107 0.4055 0.012 0.021
0 0.087 0.3285 0.02 0.011
0 0.9875 0.573 0.013 0.016
0 0.219 0.8675 0.016 0.023
0 0.075 0.865 0.016 0.012
0 0.0865 0.8805 0.023 0.025
0 0.044 0.5505 0.01 0.031
0 0.8205 0.267 0.031 0.024
0 0.972 0.0425 0.026 0.017
0 0.7065 0.6505 0.021 0.027
0 0.6275 0.3585 0.029 0.033
0 0.5745 0.427 0.015 0.026
0 0.5935 0.4115 0.025 0.021
0 0.492 0.437 0.034 0.034
0 0.061 0.6335 0.014 0.009
0 0.3345 0.847 0.015 0.01
0 0.537 0.3155 0.014 0.019
0 0.5185 0.935 0.027 0.03
0 0.856 0.786 0.008 0.018
0 0.8075 0.7355 0.023 0.025
0 0.7345 0.7415 0.017 0.017
0 0.966 0.1655 0.016 0.023
0 0.5445 0.1595 0.015 0.011
0 0.368 0.4095 0.028 0.023
0 0.0155 0.2655 0.021 0.017
0 0.0065 0.2305 0.011 0.023
0 0.113 0.908 0.032 0.026
0 0.187 0.7145 0.04 0.029
0 0.3745 0.387 0.023 0.032
0 0.2835 0.404 0.021 0.014
0 0.304 0.0485 0.014 0.021
0 0.4505 0.4535 0.015 0.015
0 0.4415 0.4665 0.025 0.023
0 0.405 0.49 0.016 0.01
0 0.3605 0.585 0.029 0.012
0 0.336 0.7255 0.012 0.015
0 0.146 0.1295 0.03 0.025
0 0.155 0.148 0.014 0.024
0 0.2295 0.473 0.017 0.02
0 0.2805 0.216 0.019 0.016
0 0.27 0.204 0.012 0.012
0 0.2655 0.2165 0.015 0.011
0 0.1965 0.3395 0.011 0.027
0 0.12 0.3735 0.01 0.021
0 0.0125 0.2515 0.023 0.017
0 0.0695 0.1445 0.009 0.011
0 0.0085 0.0865 0.015 0.017
0 0.0055 0.0405 0.009 0.021
0 0.1325 0.074 0.007 0.01
0 0.1595 0.088 0.017 0.022
0 0.1045 0.312 0.009 0.022
0 0.107 0.565 0.01 0.018
0 0.0565 0.803 0.013 0.02
0 0.008 0.823 0.016 0.044
0 0.0345 0.952 0.029 0.02
0 0.712 0.3645 0.034 0.029
0 0.6825 0.1895 0.021 0.011
0 0.5775 0.2575 0.017 0.011
0 0.507 0.292 0.022 0.026
0 0.4595 0.359 0.023 0.026
0 0.384 0.4875 0.018 0.017
0 0.006 0.6255 0.01 0.031
0 0.0065 0.5695 0.011 0.021
0 0.03 0.361 0.01 0.024
0 0.481 0.834 0.022 0.04
0 0.4955 0.849 0.039 0.034
0 0.8585 0.6245 0.011 0.033
0 0.8685 0.637 0.009 0.016
0 0.8705 0.6865 0.009 0.009
0 0.5965 0.2195 0.023 0.021
0 0.3675 0.1105 0.017 0.021
0 0.583 0.701 0.022 0.016
0 0.265 0.8665 0.014 0.021
0 0.169 0.134 0.016 0.032
0 0.478 0.287 0.03 0.024
0 0.6745 0.418 0.031 0.012
0 0.6245 0.984 0.025 0.016
0 0.379 0.974 0.024 0.01
0 0.1895 0.9885 0.017 0.021
0 0.4705 0.2565 0.025 0.007
0 0.494 0.2555 0.02 0.009
0 0.456 0.2915 0.016 0.023
0 0.85 0.741 0.012 0.02
0 0.5425 0.6115 0.013 0.013
0 0.8835 0.404 0.017 0.02
0 0.8315 0.5055 0.015 0.017
0 0.72 0.872 0.018 0.018
0 0.119 0.4705 0.01 0.029
0 0.13 0.4445 0.016 0.017
0 0.1135 0.3935 0.017 0.009
0 0.8625 0.23 0.019 0.014
0 0.8285 0.1945 0.009 0.017
0 0.6135 0.049 0.029 0.012
0 0.1045 0.231 0.013 0.016
0 0.72 0.198 0.012 0.01
0 0.6965 0.059 0.021 0.018
0 0.7635 0.154 0.013 0.014
0 0.7735 0.2355 0.011 0.015
0 0.595 0.6675 0.06 0.035
0 0.59 0.4465 0.014 0.011
0 0.5995 0.4665 0.015 0.019
0 0.5765 0.4895 0.017 0.017
0 0.923 0.8515 0.008 0.013
0 0.9405 0.85 0.009 0.016
0 0.9335 0.8225 0.005 0.009
0 0.9785 0.774 0.007 0.008
0 0.903 0.6995 0.018 0.033
0 0.022 0.652 0.024 0.018
0 0.5225 0.486 0.011 0.016
0 0.782 0.286 0.016 0.008
0 0.2535 0.8005 0.021 0.025
0 0.105 0.8075 0.008 0.009
0 0.0455 0.778 0.015 0.028
0 0.0415 0.4815 0.017 0.015
0 0.003 0.417 0.006 0.02
0 0.3525 0.448 0.009 0.008
0 0.3615 0.6165 0.015 0.023
0 0.169 0.8635 0.008 0.009
0 0.111 0.879 0.008 0.014
0 0.0055 0.388 0.009 0.016
0 0.18 0.252 0.012 0.014
0 0.167 0.234 0.014 0.02
0 0.693 0.037 0.016 0.012
0 0.749 0.0385 0.028 0.021
0 0.656 0.298 0.014 0.012
0 0.626 0.288 0.012 0.006
0 0.593 0.3045 0.016 0.023
0 0.401 0.6015 0.012 0.015
0 0.392 0.616 0.012 0.01
0 0.427 0.779 0.014 0.016
0 0.3415 0.835 0.021 0.01
0 0.545 0.9225 0.014 0.027
0 0.573 0.9045 0.016 0.011
0 0.2895 0.885 0.017 0.03
0 0.6275 0.148 0.009 0.014
0 0.433 0.0105 0.026 0.013
0 0.6465 0.015 0.011 0.014
0 0.63 0.0645 0.012 0.017
0 0.8475 0.048 0.015 0.016
0 0.8685 0.0695 0.009 0.023
0 0.903 0.1005 0.01 0.009
0 0.824 0.1145 0.006 0.015
0 0.834 0.125 0.004 0.006
0 0.7565 0.2745 0.027 0.011
0 0.8275 0.379 0.011 0.008
0 0.8295 0.361 0.009 0.012
0 0.9755 0.416 0.007 0.014
0 0.9295 0.61 0.013 0.01
0 0.9635 0.542 0.011 0.01
0 0.9725 0.552 0.017 0.012
0 0.868 0.662 0.018 0.034
0 0.6515 0.9355 0.063 0.033
0 0.7365 0.914 0.013 0.018
0 0.7115 0.932 0.031 0.016
0 0.73 0.9335 0.014 0.015
0 0.38 0.992 0.036 0.012
0 0.0835 0.949 0.021 0.014
0 0.0665 0.8865 0.035 0.047
0 0.0085 0.927 0.017 0.016
0 0.01 0.9475 0.018 0.021
0 0.0495 0.907 0.009 0.012
0 0.065 0.931 0.014 0.034
0 0.064 0.8225 0.006 0.007
0 0.0815 0.833 0.011 0.02
0 0.232 0.956 0.01 0.012
0 0.166 0.799 0.026 0.06
0 0.1315 0.729 0.005 0.02
0 0.1295 0.6845 0.005 0.019
0 0.1265 0.657 0.005 0.016
0 0.138 0.595 0.006 0.034
0 0.133 0.643 0.012 0.06
0 0.094 0.6385 0.008 0.027
0 0.0715 0.699 0.007 0.024
0 0.081 0.7435 0.014 0.063
0 0.0965 0.554 0.017 0.026
0 0.1105 0.511 0.019 0.024
0 0.133 0.4615 0.008 0.017
0 0.176 0.522 0.006 0.008
0 0.2875 0.673 0.009 0.008
0 0.323 0.694 0.004 0.006
0 0.0825 0.6655 0.019 0.029
0 0.2095 0.685 0.009 0.022
0 0.834 0.895 0.012 0.012
0 0.833 0.915 0.012 0.014
0 0.809 0.941 0.004 0.008
0 0.823 0.944 0.01 0.01
0 0.871 0.6015 0.006 0.027
0 0.9795 0.601 0.011 0.018
0 0.976 0.626 0.006 0.026
0 0.8145 0.4445 0.031 0.047
0 0.9425 0.0645 0.009 0.025
0 0.9925 0.157 0.011 0.024
0 0.177 0.1725 0.008 0.015
0 0.107 0.189 0.012 0.024
0 0.093 0.201 0.018 0.022
0 0.275 0.287 0.018 0.018
0 0.254 0.3825 0.012 0.029
0 0.4085 0.279 0.021 0.008
0 0.381 0.2865 0.016 0.007
0 0.4085 0.2705 0.019 0.007
0 0.7355 0.3365 0.021 0.023
0 0.6375 0.295 0.013 0.008
0 0.6665 0.3065 0.019 0.007
0 0.8795 0.481 0.009 0.02
0 0.607 0.117 0.01 0.014
0 0.6435 0.088 0.007 0.006
0 0.596 0.0945 0.002 0.005
0 0.592 0.0845 0.004 0.005
