0 0.0795 0.042 0.041 0.022
0 0.0735 0.0715 0.053 0.029
0 0.095 0.084 0.028 0.02
0 0.129 0.03 0.036 0.03
0 0.166 0.0385 0.04 0.025
0 0.153 0.0665 0.046 0.023
0 0.04 0.1065 0.042 0.021
0 0.0915 0.1235 0.051 0.039
0 0.046 0.171 0.038 0.038
0 0.06 0.214 0.04 0.028
0 0.0835 0.187 0.027 0.02
0 0.0405 0.241 0.051 0.036
0 0.084 0.2475 0.044 0.029
0 0.143 0.1925 0.036 0.031
0 0.126 0.2135 0.022 0.019
0 0.121 0.232 0.026 0.02
0 0.1465 0.2405 0.017 0.025
0 0.156 0.167 0.028 0.026
0 0.209 0.164 0.038 0.026
0 0.199 0.0705 0.05 0.029
0 0.2575 0.0445 0.063 0.029
0 0.243 0.0835 0.05 0.035
0 0.2935 0.0785 0.049 0.053
0 0.3605 0.028 0.039 0.046
0 0.412 0.0455 0.044 0.053
0 0.3625 0.0815 0.033 0.035
0 0.299 0.1285 0.044 0.043
0 0.1305 0.153 0.023 0.02
0 0.2345 0.136 0.039 0.03
0 0.239 0.187 0.042 0.032
0 0.1925 0.195 0.047 0.032
0 0.327 0.1655 0.036 0.037
0 0.3945 0.091 0.041 0.042
0 0.371 0.1155 0.038 0.037
0 0.4485 0.056 0.029 0.044
0 0.467 0.027 0.022 0.048
0 0.4875 0.0305 0.025 0.053
0 0.514 0.104 0.024 0.024
0 0.539 0.0865 0.04 0.041
0 0.0845 0.158 0.015 0.014
0 0.108 0.1635 0.01 0.021
0 0.0735 0.3165 0.079 0.047
0 0.155 0.2845 0.038 0.025
0 0.219 0.29 0.04 0.042
0 0.268 0.2465 0.04 0.033
0 0.2795 0.2175 0.039 0.029
0 0.025 0.3585 0.032 0.025
0 0.0635 0.3585 0.039 0.029
0 0.3375 0.2015 0.037 0.029
0 0.359 0.1755 0.046 0.027
0 0.39 0.193 0.024 0.034
0 0.478 0.164 0.038 0.028
0 0.511 0.1485 0.04 0.045
0 0.5915 0.066 0.047 0.036
0 0.6315 0.0865 0.063 0.045
0 0.5845 0.13 0.037 0.032
0 0.6845 0.0715 0.041 0.041
0 0.68 0.1055 0.042 0.025
0 0.633 0.045 0.052 0.026
0 0.735 0.089 0.048 0.048
0 0.7155 0.0475 0.065 0.039
0 0.777 0.0455 0.042 0.023
0 0.835 0.0235 0.046 0.035
0 0.6375 0.1415 0.049 0.031
0 0.696 0.168 0.044 0.028
0 0.7575 0.147 0.051 0.034
0 0.6345 0.2025 0.045 0.031
0 0.6575 0.2135 0.035 0.031
0 0.6905 0.213 0.037 0.028
0 0.566 0.16 0.056 0.024
0 0.567 0.1765 0.096 0.035
0 0.5065 0.203 0.081 0.042
0 0.4575 0.202 0.039 0.034
0 0.4465 0.221 0.063 0.044
0 0.4965 0.231 0.035 0.024
0 0.4535 0.2505 0.069 0.035
0 0.5055 0.269 0.047 0.018
0 0.631 0.2565 0.04 0.031
0 0.7085 0.234 0.035 0.024
0 0.6695 0.2445 0.033 0.025
0 0.65 0.285 0.044 0.048
0 0.4045 0.263 0.067 0.054
0 0.386 0.2865 0.062 0.041
0 0.3235 0.3125 0.033 0.047
0 0.306 0.3335 0.038 0.053
0 0.257 0.3775 0.042 0.061
0 0.1975 0.397 0.047 0.058
0 0.154 0.4145 0.03 0.047
0 0.1255 0.4 0.027 0.026
0 0.1195 0.4675 0.047 0.035
0 0.1705 0.458 0.047 0.036
0 0.098 0.4315 0.04 0.039
0 0.13 0.51 0.088 0.054
0 0.085 0.5425 0.04 0.043
0 0.2375 0.473 0.037 0.032
0 0.3485 0.3815 0.037 0.055
0 0.3605 0.3455 0.029 0.041
0 0.129 0.5515 0.054 0.025
0 0.2445 0.5215 0.035 0.029
0 0.28 0.5225 0.032 0.031
0 0.5165 0.289 0.069 0.024
0 0.528 0.3295 0.042 0.039
0 0.91 0.0495 0.05 0.059
0 0.9765 0.0495 0.017 0.031
0 0.9775 0.088 0.015 0.026
0 0.89 0.117 0.056 0.064
0 0.843 0.1355 0.034 0.043
0 0.8105 0.197 0.045 0.074
0 0.9645 0.126 0.023 0.066
0 0.93 0.206 0.01 0.032
0 0.898 0.1725 0.03 0.081
0 0.862 0.227 0.032 0.048
0 0.9125 0.2185 0.017 0.053
0 0.908 0.254 0.018 0.024
0 0.886 0.4025 0.016 0.047
0 0.8565 0.262 0.017 0.018
0 0.8355 0.271 0.023 0.032
0 0.9125 0.2815 0.019 0.037
0 0.9515 0.261 0.015 0.05
0 0.9655 0.3295 0.035 0.069
0 0.9005 0.3155 0.017 0.031
0 0.886 0.309 0.014 0.038
0 0.855 0.295 0.014 0.044
0 0.8435 0.3015 0.015 0.031
0 0.8245 0.305 0.027 0.038
0 0.789 0.334 0.02 0.034
0 0.853 0.3535 0.016 0.051
0 0.826 0.382 0.016 0.032
0 0.808 0.3805 0.018 0.023
0 0.791 0.3695 0.028 0.049
0 0.39 0.4115 0.04 0.097
0 0.4095 0.4655 0.031 0.047
0 0.443 0.484 0.034 0.04
0 0.468 0.442 0.064 0.034
0 0.45 0.392 0.058 0.062
0 0.598 0.3135 0.054 0.025
0 0.618 0.3405 0.03 0.021
0 0.471 0.3275 0.066 0.039
0 0.774 0.244 0.05 0.038
0 0.7545 0.2805 0.055 0.031
0 0.7415 0.314 0.053 0.03
0 0.724 0.3455 0.04 0.023
0 0.721 0.37 0.044 0.028
0 0.672 0.382 0.044 0.032
0 0.863 0.4115 0.012 0.029
0 0.9265 0.3825 0.017 0.027
0 0.9805 0.3925 0.019 0.029
0 0.916 0.419 0.012 0.044
0 0.8425 0.439 0.019 0.022
0 0.7935 0.4095 0.017 0.025
0 0.8165 0.4465 0.025 0.019
0 0.7325 0.4245 0.053 0.037
0 0.833 0.4105 0.024 0.015
0 0.969 0.456 0.034 0.054
0 0.944 0.4535 0.012 0.021
0 0.932 0.4335 0.01 0.023
0 0.8545 0.4655 0.011 0.031
0 0.872 0.4755 0.022 0.033
0 0.911 0.491 0.026 0.014
0 0.7225 0.465 0.063 0.03
0 0.74 0.4825 0.046 0.013
0 0.7505 0.5045 0.053 0.025
0 0.7925 0.537 0.093 0.044
0 0.7005 0.5795 0.083 0.081
0 0.8035 0.563 0.069 0.052
0 0.835 0.5705 0.062 0.067
0 0.8245 0.7505 0.071 0.053
0 0.946 0.379 0.024 0.034
0 0.9075 0.543 0.053 0.04
0 0.9215 0.595 0.039 0.03
0 0.9575 0.608 0.081 0.036
0 0.9275 0.6795 0.059 0.031
0 0.9635 0.676 0.029 0.028
0 0.948 0.74 0.024 0.032
0 0.9895 0.7005 0.013 0.025
0 0.9785 0.7425 0.015 0.031
0 0.867 0.808 0.064 0.042
0 0.849 0.7935 0.072 0.047
0 0.6245 0.486 0.015 0.014
0 0.607 0.558 0.01 0.01
0 0.603 0.5425 0.016 0.013
0 0.563 0.5655 0.038 0.021
0 0.526 0.492 0.044 0.036
0 0.4765 0.512 0.049 0.036
0 0.5165 0.538 0.049 0.032
0 0.546 0.3835 0.062 0.045
0 0.508 0.409 0.068 0.046
0 0.6175 0.5825 0.019 0.017
0 0.663 0.645 0.014 0.014
0 0.651 0.6795 0.012 0.019
0 0.624 0.701 0.022 0.014
0 0.6905 0.682 0.021 0.012
0 0.6985 0.813 0.027 0.026
0 0.704 0.848 0.012 0.01
0 0.689 0.8455 0.012 0.009
0 0.6915 0.862 0.015 0.018
0 0.7155 0.8715 0.009 0.015
0 0.736 0.862 0.016 0.01
0 0.639 0.8825 0.01 0.011
0 0.652 0.8815 0.012 0.009
0 0.6405 0.899 0.019 0.02
0 0.957 0.819 0.032 0.054
0 0.8475 0.842 0.031 0.022
0 0.8895 0.8355 0.041 0.033
0 0.8925 0.8585 0.041 0.035
0 0.8095 0.8715 0.045 0.031
0 0.8175 0.899 0.043 0.034
0 0.9135 0.861 0.017 0.02
0 0.8925 0.8925 0.037 0.043
0 0.908 0.904 0.042 0.05
0 0.9395 0.9145 0.061 0.055
0 0.8505 0.8745 0.029 0.013
0 0.742 0.915 0.012 0.01
0 0.7265 0.9195 0.017 0.021
0 0.7065 0.913 0.007 0.008
0 0.7545 0.948 0.023 0.022
0 0.307 0.2395 0.012 0.013
0 0.2435 0.3085 0.015 0.009
0 0.2735 0.3085 0.015 0.015
0 0.2625 0.4385 0.045 0.037
0 0.3195 0.408 0.035 0.036
0 0.3155 0.47 0.033 0.036
0 0.337 0.5935 0.04 0.031
0 0.377 0.5835 0.046 0.035
0 0.276 0.5805 0.096 0.075
0 0.146 0.595 0.05 0.022
0 0.1425 0.5755 0.061 0.019
0 0.0825 0.5815 0.049 0.025
0 0.085 0.608 0.032 0.026
0 0.023 0.6025 0.028 0.023
0 0.066 0.7045 0.036 0.033
0 0.1015 0.7125 0.025 0.029
0 0.141 0.6855 0.052 0.025
0 0.136 0.639 0.054 0.042
0 0.1745 0.6205 0.047 0.023
0 0.215 0.632 0.044 0.026
0 0.199 0.561 0.056 0.026
0 0.2095 0.5885 0.045 0.023
0 0.3025 0.635 0.063 0.028
0 0.276 0.623 0.026 0.022
0 0.1825 0.6705 0.057 0.037
0 0.2285 0.6895 0.051 0.031
0 0.3035 0.668 0.039 0.024
0 0.306 0.6955 0.054 0.025
0 0.305 0.712 0.042 0.022
0 0.263 0.7535 0.024 0.023
0 0.2245 0.7655 0.041 0.021
0 0.1845 0.776 0.025 0.016
0 0.158 0.754 0.048 0.032
0 0.025 0.7605 0.034 0.029
0 0.0375 0.7685 0.041 0.029
0 0.1 0.7845 0.038 0.017
0 0.4705 0.6055 0.053 0.031
0 0.5095 0.59 0.059 0.028
0 0.5405 0.589 0.019 0.022
0 0.398 0.625 0.064 0.046
0 0.4135 0.6635 0.049 0.033
0 0.351 0.674 0.05 0.022
0 0.3795 0.7155 0.063 0.029
0 0.404 0.7315 0.072 0.019
0 0.4805 0.7375 0.063 0.025
0 0.453 0.7665 0.064 0.021
0 0.3995 0.752 0.059 0.02
0 0.4465 0.781 0.067 0.026
0 0.3895 0.7765 0.051 0.023
0 0.375 0.796 0.06 0.022
0 0.4445 0.8045 0.053 0.027
0 0.039 0.8815 0.04 0.033
0 0.0715 0.847 0.037 0.04
0 0.088 0.877 0.034 0.032
0 0.28 0.8245 0.062 0.023
0 0.345 0.8275 0.054 0.029
0 0.1255 0.8785 0.041 0.033
0 0.1675 0.9065 0.059 0.037
0 0.2315 0.836 0.067 0.026
0 0.237 0.8635 0.114 0.047
0 0.187 0.881 0.066 0.046
0 0.108 0.834 0.04 0.038
0 0.1525 0.8235 0.039 0.031
0 0.1535 0.7835 0.035 0.023
0 0.0335 0.93 0.029 0.018
0 0.021 0.9205 0.03 0.023
0 0.0535 0.9095 0.025 0.029
0 0.069 0.9125 0.024 0.019
0 0.1035 0.907 0.049 0.032
0 0.0875 0.93 0.031 0.024
0 0.0635 0.944 0.031 0.022
0 0.0265 0.954 0.027 0.032
0 0.0735 0.965 0.039 0.02
0 0.036 0.982 0.038 0.028
0 0.126 0.942 0.03 0.024
0 0.11 0.9555 0.016 0.013
0 0.1605 0.9405 0.029 0.019
0 0.2185 0.935 0.061 0.024
0 0.262 0.923 0.062 0.02
0 0.286 0.9515 0.052 0.031
0 0.253 0.964 0.044 0.016
0 0.1875 0.9725 0.067 0.025
0 0.154 0.9595 0.04 0.019
0 0.311 0.848 0.034 0.018
0 0.3715 0.871 0.039 0.022
0 0.4075 0.84 0.053 0.038
0 0.451 0.8445 0.016 0.015
0 0.427 0.8235 0.054 0.023
0 0.237 0.7255 0.054 0.025
0 0.5465 0.2965 0.029 0.023
0 0.4175 0.14 0.029 0.02
0 0.4155 0.1105 0.019 0.011
0 0.48 0.0755 0.014 0.019
0 0.2215 0.332 0.029 0.032
0 0.1765 0.3035 0.017 0.011
0 0.518 0.456 0.022 0.014
0 0.6845 0.4195 0.037 0.033
0 0.958 0.5395 0.012 0.009
0 0.968 0.551 0.014 0.01
0 0.928 0.5705 0.072 0.039
0 0.9545 0.6245 0.087 0.041
0 0.895 0.7115 0.048 0.029
0 0.944 0.716 0.018 0.022
0 0.9205 0.751 0.015 0.036
0 0.7415 0.778 0.009 0.018
0 0.474 0.892 0.062 0.04
0 0.548 0.8795 0.07 0.033
0 0.598 0.8535 0.036 0.033
0 0.5575 0.828 0.029 0.036
0 0.486 0.9065 0.054 0.025
0 0.41 0.931 0.044 0.032
0 0.47 0.9395 0.048 0.031
0 0.483 0.969 0.03 0.028
0 0.5035 0.966 0.011 0.012
0 0.397 0.97 0.028 0.038
0 0.505 0.6705 0.046 0.041
0 0.603 0.5975 0.024 0.025
0 0.442 0.6615 0.028 0.043
0 0.567 0.505 0.04 0.032
0 0.6055 0.42 0.025 0.022
0 0.6025 0.815 0.057 0.05
0 0.616 0.9 0.012 0.012
0 0.609 0.9735 0.024 0.041
0 0.5215 0.9255 0.033 0.027
0 0.301 0.91 0.012 0.014
0 0.0585 0.7985 0.007 0.011
0 0.0575 0.7855 0.029 0.015
0 0.063 0.7415 0.036 0.031
0 0.412 0.6945 0.044 0.023
0 0.454 0.7065 0.044 0.031
0 0.462 0.681 0.016 0.016
0 0.9215 0.3195 0.009 0.041
0 0.935 0.2625 0.014 0.017
0 0.9785 0.2305 0.013 0.041
0 0.872 0.3595 0.01 0.025
0 0.8765 0.2975 0.009 0.013
0 0.981 0.017 0.01 0.018
0 0.7475 0.196 0.055 0.044
0 0.484 0.143 0.01 0.008
0 0.5485 0.129 0.029 0.034
0 0.4385 0.1715 0.007 0.009
0 0.456 0.145 0.008 0.006
0 0.242 0.4085 0.028 0.025
0 0.5965 0.7935 0.043 0.043
0 0.018 0.658 0.032 0.036
0 0.0145 0.854 0.025 0.04
0 0.5815 0.6605 0.011 0.011
