0 0.061 0.1705 0.03 0.023
0 0.045 0.104 0.03 0.02
0 0.2815 0.121 0.039 0.04
0 0.336 0.1315 0.03 0.027
0 0.412 0.0785 0.022 0.047
0 0.5035 0.0465 0.013 0.015
0 0.453 0.0305 0.042 0.039
0 0.3825 0.1845 0.021 0.023
0 0.283 0.415 0.04 0.044
0 0.136 0.655 0.042 0.034
0 0.235 0.808 0.04 0.026
0 0.1845 0.886 0.025 0.022
0 0.0205 0.779 0.033 0.038
0 0.244 0.604 0.044 0.04
0 0.299 0.568 0.048 0.044
0 0.4165 0.56 0.049 0.044
0 0.4495 0.538 0.017 0.016
0 0.675 0.57 0.024 0.024
0 0.8395 0.6135 0.033 0.051
0 0.9365 0.6475 0.033 0.021
0 0.881 0.6195 0.04 0.045
0 0.9345 0.3895 0.027 0.033
0 0.9715 0.373 0.031 0.044
0 0.9285 0.2485 0.023 0.015
0 0.9585 0.1535 0.009 0.013
0 0.664 0.158 0.034 0.048
0 0.626 0.3555 0.046 0.041
0 0.8265 0.39 0.031 0.022
0 0.857 0.4695 0.046 0.047
0 0.842 0.537 0.036 0.046
0 0.723 0.617 0.042 0.038
0 0.587 0.709 0.022 0.032
0 0.588 0.4345 0.032 0.039
0 0.892 0.088 0.024 0.032
0 0.9765 0.098 0.013 0.016
0 0.6815 0.727 0.037 0.04
0 0.637 0.705 0.034 0.036
0 0.603 0.7675 0.046 0.061
0 0.6215 0.8255 0.037 0.039
0 0.5195 0.896 0.023 0.032
0 0.4245 0.968 0.037 0.034
0 0.477 0.947 0.042 0.038
0 0.422 0.9035 0.03 0.035
0 0.475 0.791 0.024 0.024
0 0.3235 0.8535 0.041 0.037
0 0.3155 0.964 0.033 0.038
0 0.4435 0.8275 0.029 0.037
0 0.6555 0.0595 0.021 0.031
0 0.6635 0.0165 0.023 0.031
0 0.4435 0.1325 0.045 0.029
0 0.342 0.245 0.04 0.044
0 0.3565 0.504 0.039 0.044
0 0.147 0.5915 0.042 0.039
0 0.1595 0.779 0.025 0.04
0 0.2015 0.7855 0.037 0.043
0 0.236 0.8475 0.036 0.049
0 0.1135 0.9555 0.055 0.031
0 0.056 0.932 0.05 0.048
0 0.1705 0.4985 0.029 0.043
0 0.2705 0.341 0.025 0.044
0 0.3025 0.2965 0.033 0.037
0 0.4565 0.367 0.029 0.05
0 0.5245 0.2985 0.035 0.047
0 0.954 0.273 0.032 0.034
0 0.848 0.9775 0.056 0.043
0 0.9055 0.8425 0.043 0.039
0 0.488 0.373 0.032 0.046
0 0.4195 0.389 0.031 0.044
0 0.321 0.441 0.036 0.05
0 0.3375 0.37 0.029 0.044
0 0.2915 0.3435 0.025 0.033
0 0.3805 0.345 0.049 0.04
0 0.019 0.9885 0.038 0.021
0 0.124 0.488 0.04 0.048
0 0.0275 0.395 0.035 0.04
0 0.06 0.3715 0.024 0.047
0 0.094 0.3365 0.014 0.021
0 0.1505 0.33 0.057 0.048
0 0.092 0.3715 0.034 0.045
0 0.0925 0.2705 0.053 0.041
0 0.096 0.1375 0.012 0.013
0 0.3965 0.2065 0.033 0.029
0 0.5035 0.198 0.055 0.046
0 0.629 0.23 0.056 0.05
0 0.6255 0.2995 0.023 0.053
0 0.758 0.335 0.034 0.036
0 0.949 0.104 0.032 0.05
0 0.938 0.6135 0.034 0.031
0 0.723 0.8215 0.048 0.057
0 0.6625 0.9225 0.051 0.041
0 0.272 0.921 0.04 0.042
0 0.236 0.9745 0.014 0.029
0 0.444 0.8725 0.038 0.041
0 0.428 0.6985 0.052 0.043
0 0.5355 0.6825 0.037 0.047
0 0.4995 0.5925 0.039 0.039
0 0.5255 0.399 0.047 0.05
0 0.6865 0.101 0.027 0.052
0 0.8105 0.0115 0.051 0.021
0 0.8405 0.163 0.039 0.024
0 0.739 0.265 0.04 0.046
0 0.807 0.5535 0.048 0.055
0 0.738 0.5105 0.042 0.045
0 0.671 0.4895 0.05 0.037
0 0.7045 0.3405 0.025 0.031
0 0.7425 0.17 0.037 0.022
0 0.053 0.7875 0.024 0.025
0 0.0285 0.6975 0.025 0.037
0 0.023 0.274 0.034 0.05
0 0.214 0.106 0.036 0.046
0 0.2305 0.269 0.025 0.028
0 0.2155 0.3575 0.023 0.021
0 0.1875 0.3545 0.019 0.017
0 0.2355 0.3025 0.033 0.023
0 0.1965 0.208 0.031 0.032
0 0.135 0.1365 0.018 0.017
0 0.205 0.634 0.014 0.022
0 0.214 0.7185 0.044 0.055
0 0.26 0.7165 0.044 0.051
0 0.254 0.6505 0.032 0.021
0 0.256 0.4885 0.016 0.019
0 0.162 0.45 0.024 0.03
0 0.18 0.426 0.038 0.02
0 0.352 0.7565 0.044 0.043
0 0.334 0.9115 0.046 0.043
0 0.3415 0.8815 0.033 0.025
0 0.4475 0.742 0.041 0.028
0 0.573 0.6305 0.036 0.023
0 0.555 0.6515 0.02 0.023
0 0.588 0.6525 0.022 0.015
0 0.8085 0.934 0.045 0.042
0 0.8595 0.8785 0.037 0.027
0 0.735 0.118 0.042 0.052
0 0.765 0.0795 0.042 0.039
0 0.8865 0.149 0.043 0.038
0 0.8615 0.2675 0.033 0.037
0 0.8115 0.3275 0.015 0.013
0 0.8945 0.679 0.025 0.024
0 0.9475 0.756 0.037 0.028
0 0.9685 0.833 0.037 0.054
0 0.656 0.6245 0.036 0.027
0 0.4895 0.9145 0.047 0.039
0 0.5655 0.944 0.043 0.048
0 0.571 0.9885 0.04 0.021
0 0.6735 0.97 0.017 0.024
0 0.808 0.723 0.028 0.036
0 0.835 0.728 0.018 0.026
0 0.6935 0.6485 0.025 0.029
0 0.6955 0.6835 0.027 0.041
0 0.596 0.604 0.03 0.028
0 0.7715 0.034 0.033 0.038
0 0.917 0.0145 0.04 0.027
0 0.6795 0.247 0.037 0.02
0 0.733 0.214 0.014 0.018
0 0.7085 0.2205 0.043 0.029
0 0.9865 0.272 0.025 0.044
0 0.987 0.4095 0.024 0.043
0 0.7435 0.464 0.025 0.022
0 0.756 0.454 0.016 0.026
0 0.737 0.413 0.03 0.024
0 0.747 0.425 0.024 0.026
0 0.8615 0.4165 0.021 0.025
0 0.851 0.4315 0.016 0.019
0 0.7745 0.664 0.043 0.04
0 0.6505 0.7585 0.035 0.065
0 0.573 0.5175 0.052 0.037
0 0.661 0.3145 0.026 0.027
0 0.595 0.0215 0.058 0.041
0 0.5215 0.016 0.063 0.03
0 0.4065 0.2365 0.031 0.039
0 0.3865 0.3715 0.021 0.035
0 0.483 0.48 0.026 0.046
0 0.4275 0.5985 0.049 0.033
0 0.381 0.2765 0.024 0.023
0 0.216 0.057 0.036 0.042
0 0.122 0.0675 0.032 0.053
0 0.083 0.1045 0.036 0.035
0 0.0775 0.08 0.031 0.018
0 0.2995 0.202 0.039 0.03
0 0.379 0.096 0.034 0.052
0 0.371 0.0125 0.046 0.023
0 0.3195 0.047 0.041 0.042
0 0.065 0.016 0.042 0.03
0 0.1195 0.739 0.019 0.014
0 0.9185 0.945 0.025 0.026
0 0.905 0.7815 0.046 0.033
0 0.818 0.218 0.036 0.04
0 0.8585 0.027 0.047 0.052
0 0.6815 0.399 0.029 0.042
0 0.9775 0.4435 0.023 0.025
0 0.9525 0.563 0.019 0.028
0 0.585 0.8645 0.022 0.025
0 0.5205 0.823 0.031 0.034
0 0.4015 0.77 0.031 0.038
0 0.4035 0.865 0.037 0.03
0 0.0105 0.8585 0.015 0.049
0 0.0995 0.8205 0.039 0.067
0 0.131 0.7495 0.01 0.011
0 0.132 0.697 0.02 0.042
0 0.5755 0.1905 0.023 0.019
0 0.992 0.2145 0.014 0.043
0 0.809 0.8915 0.024 0.021
0 0.8095 0.8705 0.015 0.013
0 0.8215 0.8785 0.011 0.013
0 0.124 0.918 0.06 0.04
0 0.0435 0.893 0.025 0.022
0 0.192 0.919 0.03 0.026
0 0.3805 0.902 0.019 0.02
0 0.613 0.682 0.02 0.012
0 0.771 0.3885 0.02 0.021
0 0.9925 0.664 0.013 0.026
0 0.5335 0.8835 0.019 0.027
0 0.495 0.67 0.036 0.03
0 0.2485 0.554 0.059 0.048
0 0.1825 0.4475 0.009 0.015
0 0.1715 0.213 0.021 0.026
0 0.1205 0.2485 0.017 0.025
0 0.173 0.148 0.028 0.042
0 0.192 0.1625 0.022 0.027
0 0.2685 0.0125 0.023 0.021
0 0.1955 0.062 0.031 0.042
0 0.1215 0.1075 0.023 0.011
0 0.117 0.126 0.018 0.028
0 0.026 0.03 0.034 0.04
0 0.027 0.0565 0.02 0.017
0 0.4005 0.0095 0.013 0.013
0 0.5095 0.1155 0.033 0.041
0 0.5275 0.1095 0.029 0.047
0 0.4515 0.199 0.039 0.046
0 0.455 0.327 0.03 0.028
0 0.5365 0.3435 0.021 0.023
0 0.7905 0.2745 0.039 0.027
0 0.806 0.178 0.04 0.028
0 0.9215 0.0505 0.039 0.055
0 0.815 0.122 0.022 0.024
0 0.794 0.1505 0.024 0.017
0 0.7365 0.3385 0.019 0.019
0 0.4975 0.7415 0.029 0.015
0 0.477 0.825 0.044 0.042
0 0.368 0.9865 0.04 0.025
0 0.381 0.965 0.032 0.04
0 0.064 0.993 0.014 0.012
0 0.074 0.6995 0.038 0.037
0 0.3745 0.2885 0.031 0.015
0 0.0265 0.502 0.033 0.016
0 0.015 0.474 0.028 0.03
0 0.2425 0.156 0.031 0.042
0 0.859 0.0785 0.068 0.067
0 0.9155 0.702 0.023 0.028
0 0.569 0.1785 0.018 0.013
0 0.248 0.777 0.028 0.028
0 0.3185 0.735 0.013 0.016
0 0.33 0.623 0.014 0.016
0 0.3245 0.6445 0.011 0.029
0 0.121 0.166 0.046 0.034
0 0.191 0.32 0.02 0.026
0 0.5825 0.5895 0.037 0.035
0 0.143 0.022 0.026 0.034
0 0.01 0.071 0.018 0.034
0 0.263 0.666 0.026 0.02
0 0.9135 0.355 0.019 0.024
0 0.9775 0.465 0.015 0.028
0 0.8655 0.749 0.021 0.016
0 0.815 0.7385 0.022 0.019
0 0.596 0.3615 0.018 0.035
0 0.595 0.2705 0.012 0.021
0 0.8955 0.2485 0.025 0.029
0 0.9085 0.469 0.033 0.036
0 0.9445 0.466 0.027 0.04
0 0.73 0.7065 0.048 0.021
0 0.776 0.805 0.028 0.016
0 0.7655 0.7895 0.011 0.021
0 0.8105 0.7855 0.033 0.031
0 0.7825 0.843 0.029 0.038
0 0.801 0.837 0.026 0.02
0 0.768 0.962 0.022 0.028
0 0.525 0.966 0.022 0.024
0 0.431 0.2815 0.026 0.013
0 0.48 0.224 0.026 0.02
0 0.478 0.1575 0.024 0.017
0 0.247 0.0145 0.012 0.021
0 0.032 0.125 0.006 0.012
0 0.241 0.3905 0.018 0.023
0 0.222 0.407 0.022 0.024
0 0.2235 0.3865 0.021 0.023
0 0.193 0.466 0.018 0.012
0 0.151 0.5575 0.022 0.025
0 0.1935 0.5405 0.019 0.011
0 0.2265 0.6615 0.033 0.029
0 0.205 0.9885 0.022 0.021
0 0.3175 0.9935 0.029 0.011
0 0.537 0.693 0.05 0.04
0 0.6255 0.563 0.027 0.02
0 0.8065 0.3065 0.027 0.023
0 0.8145 0.1465 0.019 0.017
0 0.7305 0.022 0.019 0.018
0 0.752 0.0105 0.02 0.015
0 0.515 0.14 0.022 0.016
0 0.3535 0.4345 0.019 0.023
0 0.031 0.5245 0.034 0.031
0 0.009 0.2125 0.018 0.043
0 0.3035 0.0085 0.019 0.015
0 0.551 0.182 0.026 0.02
0 0.6135 0.3255 0.023 0.017
0 0.629 0.3875 0.03 0.017
0 0.6525 0.384 0.017 0.016
0 0.9815 0.597 0.021 0.016
0 0.538 0.7525 0.022 0.025
0 0.3305 0.469 0.019 0.014
0 0.363 0.4155 0.016 0.021
0 0.824 0.6545 0.036 0.021
0 0.829 0.682 0.024 0.026
0 0.8465 0.74 0.019 0.022
0 0.989 0.9895 0.016 0.013
0 0.786 0.9745 0.016 0.015
0 0.5895 0.968 0.019 0.02
0 0.2925 0.7805 0.011 0.013
0 0.2715 0.789 0.015 0.014
0 0.312 0.5065 0.018 0.023
0 0.559 0.4575 0.032 0.023
0 0.622 0.6185 0.026 0.019
0 0.5925 0.6415 0.019 0.019
0 0.62 0.6515 0.02 0.027
0 0.5885 0.6795 0.019 0.023
0 0.2905 0.689 0.021 0.026
0 0.3705 0.787 0.017 0.012
0 0.3825 0.805 0.013 0.014
0 0.154 0.9785 0.068 0.041
0 0.126 0.8015 0.026 0.015
0 0.081 0.832 0.024 0.032
0 0.7755 0.443 0.023 0.042
0 0.7205 0.3905 0.021 0.015
0 0.582 0.2195 0.008 0.019
0 0.5875 0.2575 0.013 0.007
0 0.486 0.252 0.006 0.004
0 0.4385 0.2335 0.013 0.017
0 0.4815 0.3105 0.027 0.019
0 0.473 0.3335 0.026 0.019
0 0.3155 0.3085 0.019 0.015
0 0.311 0.3485 0.01 0.017
0 0.335 0.162 0.01 0.018
0 0.4565 0.069 0.017 0.022
