0 0.032 0.0215 0.022 0.023
0 0.054 0.02 0.018 0.026
0 0.042 0.008 0.016 0.016
0 0.068 0.012 0.018 0.02
0 0.0245 0.0925 0.023 0.021
0 0.061 0.122 0.022 0.02
0 0.026 0.0745 0.014 0.013
0 0.0565 0.0875 0.025 0.025
0 0.079 0.102 0.024 0.022
0 0.0805 0.126 0.017 0.02
0 0.013 0.181 0.02 0.02
0 0.0085 0.113 0.015 0.022
0 0.052 0.177 0.018 0.022
0 0.0525 0.1405 0.015 0.011
0 0.039 0.1565 0.024 0.021
0 0.0355 0.137 0.015 0.024
0 0.117 0.1045 0.016 0.017
0 0.108 0.054 0.016 0.024
0 0.1245 0.059 0.015 0.022
0 0.141 0.0445 0.018 0.031
0 0.162 0.0525 0.012 0.019
0 0.148 0.011 0.014 0.018
0 0.1575 0.0305 0.023 0.019
0 0.1725 0.067 0.011 0.014
0 0.118 0.1285 0.018 0.013
0 0.099 0.105 0.016 0.018
0 0.143 0.1675 0.022 0.023
0 0.083 0.2535 0.016 0.023
0 0.117 0.2605 0.022 0.025
0 0.155 0.2885 0.02 0.023
0 0.1525 0.317 0.017 0.022
0 0.122 0.349 0.014 0.018
0 0.09 0.343 0.014 0.018
0 0.127 0.382 0.02 0.022
0 0.029 0.3365 0.02 0.021
0 0.0625 0.4 0.021 0.022
0 0.075 0.366 0.02 0.024
0 0.026 0.4435 0.02 0.019
0 0.0085 0.4365 0.015 0.015
0 0.0105 0.417 0.015 0.024
0 0.0745 0.448 0.025 0.016
0 0.06 0.2985 0.014 0.019
0 0.0155 0.267 0.015 0.016
0 0.027 0.245 0.02 0.022
0 0.013 0.205 0.026 0.018
0 0.019 0.2225 0.024 0.019
0 0.0805 0.317 0.021 0.026
0 0.067 0.263 0.018 0.026
0 0.1295 0.323 0.023 0.024
0 0.135 0.296 0.02 0.024
0 0.0985 0.212 0.023 0.016
0 0.1 0.2295 0.016 0.013
0 0.1065 0.1975 0.023 0.021
0 0.1985 0.062 0.017 0.018
0 0.2005 0.077 0.021 0.018
0 0.2095 0.1085 0.017 0.027
0 0.192 0.096 0.022 0.022
0 0.009 0.0775 0.016 0.019
0 0.103 0.0735 0.022 0.017
0 0.113 0.0845 0.028 0.017
0 0.0635 0.148 0.017 0.018
0 0.177 0.267 0.022 0.022
0 0.1495 0.224 0.025 0.024
0 0.1805 0.237 0.021 0.024
0 0.215 0.287 0.018 0.02
0 0.181 0.336 0.016 0.02
0 0.181 0.316 0.024 0.02
0 0.152 0.4205 0.02 0.019
0 0.132 0.4265 0.02 0.019
0 0.159 0.469 0.018 0.024
0 0.2885 0.138 0.021 0.024
0 0.2915 0.19 0.025 0.022
0 0.217 0.212 0.022 0.022
0 0.2395 0.2035 0.015 0.021
0 0.27 0.1335 0.012 0.013
0 0.3155 0.086 0.021 0.02
0 0.2805 0.1105 0.021 0.025
0 0.258 0.022 0.018 0.022
0 0.325 0.062 0.024 0.02
0 0.332 0.135 0.012 0.018
0 0.3455 0.1465 0.019 0.015
0 0.3215 0.149 0.019 0.02
0 0.319 0.1195 0.02 0.017
0 0.2745 0.0075 0.025 0.013
0 0.3585 0.1755 0.019 0.027
0 0.333 0.1845 0.026 0.023
0 0.277 0.2275 0.022 0.017
0 0.308 0.2355 0.022 0.017
0 0.2895 0.253 0.013 0.024
0 0.3255 0.2655 0.025 0.021
0 0.3045 0.3095 0.019 0.027
0 0.29 0.33 0.016 0.02
0 0.275 0.3425 0.016 0.023
0 0.2475 0.3285 0.019 0.021
0 0.1995 0.361 0.023 0.016
0 0.2855 0.41 0.019 0.018
0 0.2385 0.4305 0.027 0.025
0 0.183 0.4515 0.016 0.021
0 0.2085 0.5085 0.011 0.013
0 0.219 0.5325 0.016 0.025
0 0.2325 0.514 0.019 0.024
0 0.2435 0.573 0.019 0.02
0 0.247 0.594 0.014 0.02
0 0.174 0.6155 0.02 0.027
0 0.171 0.581 0.014 0.016
0 0.2175 0.6735 0.019 0.019
0 0.1955 0.704 0.017 0.018
0 0.1515 0.741 0.023 0.018
0 0.148 0.8245 0.016 0.019
0 0.063 0.839 0.018 0.022
0 0.0895 0.8795 0.019 0.019
0 0.11 0.872 0.016 0.016
0 0.0615 0.7275 0.017 0.017
0 0.054 0.743 0.016 0.018
0 0.0185 0.7185 0.017 0.027
0 0.021 0.582 0.016 0.022
0 0.082 0.578 0.022 0.022
0 0.104 0.578 0.014 0.024
0 0.0995 0.603 0.025 0.02
0 0.1735 0.498 0.019 0.024
0 0.237 0.2325 0.024 0.023
0 0.2125 0.253 0.013 0.022
0 0.2 0.264 0.018 0.018
0 0.2745 0.274 0.017 0.02
0 0.374 0.5065 0.016 0.023
0 0.3665 0.5675 0.021 0.017
0 0.297 0.669 0.02 0.02
0 0.2605 0.745 0.019 0.02
0 0.229 0.7345 0.016 0.023
0 0.2125 0.73 0.015 0.02
0 0.1515 0.8485 0.013 0.011
0 0.021 0.863 0.022 0.02
0 0.111 0.6975 0.022 0.021
0 0.032 0.599 0.02 0.018
0 0.2695 0.1595 0.023 0.027
0 0.2895 0.212 0.027 0.02
0 0.422 0.3145 0.02 0.021
0 0.44 0.3615 0.022 0.017
0 0.441 0.338 0.018 0.02
0 0.435 0.241 0.02 0.018
0 0.311 0.3505 0.018 0.025
0 0.337 0.344 0.018 0.02
0 0.416 0.036 0.018 0.02
0 0.407 0.0145 0.014 0.019
0 0.4345 0.0385 0.013 0.021
0 0.5285 0.062 0.019 0.024
0 0.507 0.124 0.024 0.018
0 0.53 0.1865 0.024 0.021
0 0.495 0.2255 0.022 0.019
0 0.4825 0.0435 0.021 0.019
0 0.4675 0.063 0.021 0.022
0 0.496 0.092 0.026 0.018
0 0.5415 0.0985 0.023 0.019
0 0.5955 0.1335 0.017 0.021
0 0.565 0.0785 0.02 0.013
0 0.587 0.011 0.024 0.02
0 0.5925 0.0325 0.021 0.021
0 0.6385 0.057 0.015 0.016
0 0.627 0.098 0.022 0.018
0 0.6505 0.1155 0.019 0.017
0 0.6225 0.1405 0.019 0.021
0 0.6275 0.1235 0.019 0.019
0 0.579 0.089 0.01 0.02
0 0.5965 0.1015 0.021 0.023
0 0.579 0.191 0.02 0.02
0 0.572 0.247 0.02 0.016
0 0.5785 0.2865 0.019 0.021
0 0.566 0.3165 0.02 0.019
0 0.6445 0.3075 0.021 0.023
0 0.654 0.282 0.026 0.022
0 0.656 0.258 0.022 0.022
0 0.6355 0.235 0.019 0.026
0 0.596 0.3745 0.02 0.023
0 0.5945 0.4015 0.023 0.021
0 0.578 0.4265 0.028 0.017
0 0.5535 0.444 0.023 0.022
0 0.494 0.4565 0.022 0.021
0 0.463 0.389 0.022 0.018
0 0.41 0.291 0.02 0.02
0 0.4435 0.2925 0.021 0.025
0 0.342 0.2355 0.016 0.021
0 0.3385 0.2165 0.021 0.019
0 0.3475 0.3035 0.021 0.019
0 0.337 0.396 0.026 0.016
0 0.221 0.3275 0.024 0.021
0 0.285 0.082 0.02 0.022
0 0.067 0.4685 0.024 0.023
0 0.051 0.5195 0.022 0.019
0 0.0485 0.537 0.015 0.018
0 0.017 0.539 0.018 0.022
0 0.134 0.144 0.02 0.012
0 0.291 0.0175 0.018 0.015
0 0.274 0.0445 0.022 0.021
0 0.276 0.0605 0.014 0.013
0 0.3905 0.129 0.019 0.022
0 0.412 0.1275 0.016 0.021
0 0.4075 0.1655 0.019 0.023
0 0.403 0.2055 0.022 0.023
0 0.289 0.365 0.02 0.026
0 0.1375 0.109 0.019 0.024
0 0.1575 0.512 0.021 0.028
0 0.283 0.6455 0.016 0.025
0 0.3255 0.6445 0.021 0.023
0 0.371 0.626 0.018 0.02
0 0.407 0.5885 0.018 0.019
0 0.401 0.5615 0.02 0.017
0 0.418 0.5525 0.016 0.017
0 0.4465 0.567 0.015 0.028
0 0.4285 0.494 0.023 0.018
0 0.414 0.5055 0.012 0.017
0 0.4025 0.442 0.015 0.018
0 0.3485 0.469 0.031 0.024
0 0.454 0.1845 0.014 0.017
0 0.5285 0.03 0.023 0.026
0 0.6165 0.0605 0.023 0.021
0 0.696 0.065 0.016 0.016
0 0.719 0.022 0.018 0.024
0 0.746 0.05 0.016 0.02
0 0.771 0.175 0.02 0.02
0 0.7545 0.1645 0.019 0.017
0 0.714 0.154 0.018 0.02
0 0.713 0.371 0.018 0.024
0 0.721 0.3345 0.014 0.023
0 0.785 0.3835 0.02 0.013
0 0.793 0.4 0.022 0.018
0 0.8115 0.4195 0.021 0.019
0 0.837 0.477 0.018 0.024
0 0.8075 0.52 0.017 0.022
0 0.869 0.486 0.018 0.022
0 0.8645 0.5495 0.023 0.021
0 0.8845 0.564 0.019 0.02
0 0.915 0.545 0.018 0.018
0 0.894 0.526 0.016 0.022
0 0.9335 0.498 0.027 0.018
0 0.952 0.509 0.024 0.018
0 0.948 0.542 0.018 0.022
0 0.9305 0.534 0.017 0.024
0 0.9615 0.4735 0.023 0.021
0 0.9835 0.4835 0.023 0.023
0 0.9855 0.5125 0.019 0.021
0 0.8965 0.601 0.027 0.024
0 0.8915 0.6225 0.029 0.015
0 0.969 0.6145 0.022 0.025
0 0.9155 0.6065 0.013 0.027
0 0.9765 0.425 0.023 0.02
0 0.924 0.4205 0.018 0.021
0 0.9055 0.4625 0.019 0.021
0 0.891 0.342 0.018 0.02
0 0.917 0.3205 0.018 0.017
0 0.807 0.2485 0.016 0.021
0 0.847 0.0885 0.016 0.021
0 0.974 0.1425 0.02 0.023
0 0.944 0.2435 0.016 0.017
0 0.9025 0.24 0.023 0.028
0 0.7955 0.044 0.019 0.02
0 0.876 0.166 0.02 0.022
0 0.989 0.1675 0.02 0.021
0 0.879 0.0615 0.014 0.019
0 0.4845 0.275 0.021 0.018
0 0.697 0.3285 0.022 0.025
0 0.6745 0.3885 0.023 0.017
0 0.537 0.3565 0.02 0.021
0 0.475 0.307 0.026 0.016
0 0.4815 0.328 0.021 0.02
0 0.802 0.373 0.018 0.022
0 0.752 0.3605 0.018 0.021
0 0.7495 0.2555 0.017 0.021
0 0.713 0.2915 0.018 0.021
0 0.497 0.147 0.02 0.022
0 0.5245 0.4355 0.021 0.017
0 0.5525 0.545 0.023 0.02
0 0.534 0.529 0.02 0.024
0 0.518 0.5125 0.02 0.023
0 0.5025 0.54 0.019 0.024
0 0.5015 0.598 0.019 0.014
0 0.498 0.616 0.018 0.018
0 0.537 0.672 0.02 0.02
0 0.5185 0.646 0.019 0.022
0 0.5055 0.665 0.019 0.022
0 0.5435 0.634 0.019 0.02
0 0.5295 0.612 0.015 0.016
0 0.54 0.7375 0.02 0.019
0 0.533 0.7135 0.016 0.023
0 0.494 0.7395 0.018 0.017
0 0.6105 0.8125 0.019 0.021
0 0.5915 0.824 0.013 0.014
0 0.519 0.901 0.018 0.02
0 0.3725 0.8445 0.019 0.021
0 0.3385 0.8775 0.015 0.019
0 0.087 0.9075 0.02 0.021
0 0.1665 0.668 0.019 0.02
0 0.5815 0.5935 0.025 0.019
0 0.6755 0.575 0.025 0.02
0 0.7285 0.441 0.019 0.02
0 0.7435 0.446 0.019 0.018
0 0.7565 0.563 0.019 0.02
0 0.592 0.745 0.022 0.018
0 0.5695 0.832 0.017 0.018
0 0.6595 0.825 0.023 0.022
0 0.438 0.889 0.02 0.022
0 0.3905 0.9685 0.019 0.021
0 0.341 0.323 0.024 0.018
0 0.4185 0.2285 0.017 0.021
0 0.356 0.2845 0.016 0.027
0 0.4585 0.01 0.023 0.018
0 0.4995 0.035 0.017 0.024
0 0.4625 0.035 0.025 0.018
0 0.505 0.333 0.018 0.02
0 0.535 0.3905 0.016 0.017
0 0.3975 0.27 0.021 0.024
0 0.6595 0.325 0.021 0.018
0 0.715 0.458 0.018 0.018
0 0.7295 0.4735 0.021 0.017
0 0.7805 0.425 0.019 0.016
0 0.8085 0.4495 0.017 0.025
0 0.844 0.428 0.02 0.022
0 0.916 0.445 0.022 0.016
0 0.9785 0.339 0.021 0.022
0 0.9225 0.3805 0.021 0.023
0 0.9535 0.3105 0.017 0.025
0 0.9385 0.272 0.023 0.022
0 0.7895 0.1525 0.015 0.017
0 0.7085 0.04 0.015 0.022
0 0.7915 0.1015 0.021 0.019
0 0.815 0.1505 0.018 0.023
0 0.841 0.148 0.014 0.016
0 0.884 0.1255 0.02 0.023
0 0.9175 0.0755 0.017 0.027
0 0.948 0.216 0.018 0.018
0 0.9605 0.2595 0.021 0.025
0 0.118 0.949 0.026 0.02
0 0.1785 0.939 0.023 0.02
0 0.2 0.925 0.018 0.024
0 0.2335 0.9545 0.025 0.019
0 0.343 0.9385 0.018 0.025
0 0.451 0.986 0.022 0.014
0 0.522 0.9665 0.016 0.025
0 0.804 0.8515 0.022 0.023
0 0.7795 0.809 0.021 0.022
0 0.788 0.7335 0.02 0.023
0 0.8025 0.762 0.023 0.02
0 0.79 0.7775 0.022 0.021
0 0.765 0.752 0.018 0.022
0 0.7485 0.7965 0.025 0.019
0 0.833 0.7725 0.018 0.021
0 0.882 0.769 0.022 0.022
0 0.9025 0.7485 0.019 0.021
0 0.872 0.67 0.024 0.018
0 0.6945 0.663 0.021 0.022
0 0.6735 0.6745 0.017 0.019
0 0.679 0.727 0.022 0.02
0 0.703 0.735 0.022 0.02
0 0.6875 0.7465 0.013 0.013
0 0.5525 0.762 0.017 0.02
0 0.55 0.794 0.018 0.016
0 0.5665 0.811 0.019 0.016
0 0.5425 0.809 0.021 0.018
0 0.571 0.894 0.014 0.012
0 0.5875 0.9225 0.017 0.017
0 0.658 0.847 0.022 0.012
0 0.675 0.894 0.028 0.02
0 0.5835 0.843 0.021 0.022
0 0.516 0.8505 0.016 0.017
0 0.4675 0.8295 0.021 0.023
0 0.444 0.8265 0.022 0.019
0 0.347 0.802 0.02 0.018
0 0.3625 0.795 0.019 0.018
0 0.2845 0.7075 0.015 0.021
0 0.127 0.7525 0.022 0.019
0 0.1145 0.7675 0.015 0.029
0 0.304 0.641 0.02 0.022
0 0.317 0.586 0.02 0.02
0 0.558 0.379 0.022 0.022
0 0.4915 0.252 0.021 0.022
0 0.5135 0.2565 0.023 0.021
0 0.4255 0.106 0.015 0.026
0 0.1655 0.007 0.021 0.012
0 0.642 0.541 0.022 0.02
0 0.673 0.522 0.02 0.02
0 0.8115 0.5465 0.019 0.017
0 0.783 0.5515 0.024 0.021
0 0.7085 0.624 0.017 0.02
0 0.7165 0.5815 0.021 0.017
0 0.7425 0.6105 0.021 0.017
0 0.82 0.6105 0.02 0.019
0 0.776 0.6265 0.018 0.017
0 0.74 0.687 0.02 0.02
0 0.7825 0.7065 0.019 0.019
0 0.8285 0.7445 0.017 0.023
0 0.814 0.7825 0.018 0.023
0 0.8745 0.812 0.019 0.018
0 0.89 0.841 0.024 0.022
0 0.944 0.9265 0.022 0.021
0 0.956 0.891 0.016 0.024
0 0.957 0.816 0.018 0.026
0 0.758 0.5395 0.02 0.015
0 0.6895 0.5945 0.015 0.023
0 0.628 0.559 0.014 0.022
0 0.603 0.6645 0.012 0.013
0 0.561 0.71 0.02 0.024
0 0.8365 0.34 0.021 0.018
0 0.798 0.887 0.018 0.02
0 0.776 0.891 0.02 0.024
0 0.6625 0.794 0.025 0.02
0 0.62 0.7525 0.018 0.021
0 0.5765 0.5095 0.019 0.019
0 0.5545 0.517 0.019 0.024
0 0.572 0.5285 0.024 0.017
0 0.575 0.627 0.022 0.018
0 0.765 0.4135 0.02 0.031
0 0.829 0.5175 0.02 0.021
0 0.89 0.432 0.02 0.024
0 0.975 0.445 0.022 0.016
0 0.8505 0.304 0.021 0.024
0 0.915 0.3455 0.016 0.025
0 0.7055 0.274 0.021 0.018
0 0.7425 0.221 0.017 0.028
0 0.95 0.36 0.018 0.022
0 0.891 0.4775 0.022 0.021
0 0.8825 0.458 0.019 0.024
0 0.6025 0.321 0.027 0.014
0 0.806 0.572 0.024 0.02
0 0.828 0.629 0.02 0.02
0 0.907 0.6835 0.018 0.025
0 0.926 0.675 0.016 0.02
0 0.9235 0.817 0.023 0.02
0 0.961 0.8485 0.016 0.019
0 0.6375 0.773 0.025 0.018
0 0.5955 0.233 0.023 0.026
0 0.6135 0.191 0.021 0.018
0 0.7105 0.08 0.019 0.024
0 0.7595 0.054 0.015 0.018
0 0.9145 0.702 0.017 0.018
0 0.7155 0.4925 0.025 0.017
0 0.8665 0.7355 0.017 0.025
0 0.841 0.6035 0.022 0.021
0 0.8535 0.5685 0.019 0.019
0 0.916 0.9525 0.022 0.017
0 0.824 0.842 0.026 0.02
0 0.6085 0.713 0.019 0.018
0 0.579 0.7185 0.014 0.015
0 0.5005 0.796 0.025 0.016
0 0.4545 0.7365 0.023 0.021
0 0.4165 0.7115 0.017 0.021
0 0.725 0.721 0.018 0.02
0 0.4525 0.0855 0.019 0.023
0 0.424 0.156 0.014 0.018
0 0.3635 0.237 0.017 0.022
0 0.3785 0.2735 0.011 0.019
0 0.385 0.606 0.02 0.02
0 0.942 0.575 0.018 0.022
0 0.9475 0.6085 0.015 0.013
0 0.95 0.6245 0.018 0.021
0 0.9555 0.759 0.015 0.018
0 0.868 0.835 0.018 0.022
0 0.8045 0.7005 0.015 0.015
0 0.6415 0.679 0.025 0.026
0 0.7175 0.6755 0.025 0.017
0 0.441 0.544 0.024 0.02
0 0.011 0.3225 0.012 0.025
0 0.682 0.0765 0.014 0.019
0 0.8925 0.646 0.021 0.022
0 0.9145 0.661 0.013 0.016
0 0.4235 0.525 0.027 0.026
0 0.2345 0.469 0.019 0.028
0 0.3365 0.768 0.021 0.018
0 0.337 0.787 0.018 0.014
0 0.2195 0.8455 0.019 0.019
0 0.2535 0.8635 0.019 0.019
0 0.24 0.8575 0.018 0.025
0 0.193 0.876 0.014 0.022
0 0.066 0.9675 0.016 0.019
0 0.078 0.7615 0.026 0.019
0 0.0965 0.767 0.013 0.014
0 0.1655 0.811 0.019 0.02
0 0.1905 0.792 0.025 0.018
0 0.067 0.531 0.018 0.024
0 0.077 0.5115 0.024 0.021
0 0.1415 0.3965 0.017 0.027
0 0.259 0.247 0.024 0.026
0 0.2555 0.2745 0.023 0.027
0 0.303 0.27 0.012 0.018
0 0.3095 0.25 0.021 0.018
0 0.409 0.053 0.016 0.02
0 0.5555 0.0125 0.025 0.023
0 0.7445 0.018 0.025 0.036
0 0.8595 0.0395 0.019 0.025
0 0.8955 0.01 0.029 0.018
0 0.9505 0.044 0.011 0.016
0 0.9105 0.1715 0.017 0.023
0 0.905 0.0975 0.018 0.015
0 0.841 0.1795 0.024 0.013
0 0.755 0.213 0.02 0.022
0 0.7215 0.121 0.023 0.024
0 0.5685 0.0345 0.019 0.021
0 0.4995 0.012 0.023 0.022
0 0.235 0.05 0.018 0.016
0 0.148 0.443 0.016 0.02
0 0.2215 0.4125 0.019 0.019
0 0.2385 0.395 0.027 0.026
0 0.1605 0.342 0.025 0.022
0 0.326 0.0075 0.024 0.015
0 0.3525 0.13 0.011 0.018
0 0.4915 0.1975 0.015 0.017
0 0.7695 0.117 0.017 0.022
0 0.758 0.125 0.014 0.018
0 0.787 0.0755 0.022 0.021
0 0.5955 0.3425 0.017 0.019
0 0.546 0.2975 0.026 0.021
0 0.262 0.4175 0.022 0.023
0 0.1225 0.555 0.015 0.024
0 0.0905 0.5335 0.017 0.019
0 0.324 0.307 0.012 0.018
0 0.3145 0.327 0.015 0.018
0 0.3595 0.343 0.019 0.018
0 0.378 0.3095 0.018 0.029
0 0.4135 0.456 0.017 0.026
0 0.609 0.7305 0.016 0.013
0 0.6055 0.847 0.015 0.016
0 0.5885 0.858 0.013 0.008
0 0.484 0.877 0.024 0.026
0 0.385 0.883 0.02 0.022
0 0.3845 0.7615 0.025 0.019
0 0.2975 0.692 0.019 0.018
0 0.142 0.135 0.016 0.01
0 0.316 0.6705 0.018 0.027
0 0.3865 0.786 0.019 0.022
0 0.399 0.772 0.016 0.02
0 0.4105 0.9265 0.019 0.023
0 0.4135 0.9615 0.021 0.021
0 0.2505 0.9785 0.021 0.019
0 0.1495 0.9535 0.019 0.019
0 0.149 0.8025 0.014 0.019
0 0.731 0.063 0.03 0.018
0 0.7205 0.092 0.019 0.022
0 0.7255 0.2355 0.029 0.025
0 0.7915 0.3495 0.023 0.027
0 0.5955 0.271 0.025 0.022
0 0.6695 0.039 0.015 0.036
0 0.81 0.1195 0.018 0.029
0 0.761 0.5035 0.022 0.023
0 0.7685 0.53 0.019 0.014
0 0.6525 0.557 0.023 0.02
0 0.66 0.591 0.02 0.016
0 0.665 0.639 0.018 0.022
0 0.6685 0.6945 0.025 0.017
0 0.6325 0.728 0.027 0.022
0 0.4765 0.755 0.017 0.03
0 0.484 0.6705 0.02 0.023
0 0.503 0.695 0.022 0.022
0 0.4945 0.7175 0.021 0.017
0 0.498 0.7735 0.026 0.021
0 0.4165 0.763 0.019 0.016
0 0.3955 0.6455 0.021 0.019
0 0.429 0.6345 0.02 0.023
0 0.4225 0.6545 0.029 0.015
0 0.4145 0.6865 0.017 0.023
0 0.429 0.6915 0.02 0.013
0 0.3665 0.7235 0.027 0.027
0 0.4415 0.5985 0.013 0.021
0 0.2955 0.042 0.015 0.02
0 0.3875 0.0375 0.023 0.021
0 0.43 0.015 0.014 0.024
0 0.4525 0.0465 0.015 0.013
0 0.4205 0.082 0.019 0.022
0 0.4275 0.0685 0.017 0.023
0 0.4215 0.2655 0.017 0.025
0 0.4695 0.3645 0.029 0.023
0 0.679 0.6205 0.03 0.021
0 0.692 0.638 0.016 0.016
0 0.26 0.896 0.02 0.026
0 0.2415 0.928 0.029 0.032
0 0.277 0.987 0.02 0.018
0 0.5635 0.564 0.015 0.016
0 0.572 0.575 0.018 0.02
0 0.6195 0.456 0.023 0.026
0 0.5305 0.213 0.023 0.018
0 0.874 0.34 0.014 0.026
0 0.8535 0.4075 0.017 0.025
0 0.841 0.409 0.012 0.012
0 0.897 0.377 0.022 0.016
0 0.8935 0.4035 0.021 0.019
0 0.903 0.394 0.024 0.018
0 0.9295 0.3535 0.017 0.021
0 0.9445 0.3405 0.025 0.019
0 0.691 0.0455 0.024 0.019
0 0.5075 0.366 0.017 0.02
0 0.5345 0.49 0.027 0.018
0 0.5225 0.4745 0.025 0.017
0 0.328 0.455 0.022 0.024
0 0.391 0.4705 0.014 0.025
0 0.5865 0.666 0.019 0.026
0 0.5115 0.9485 0.021 0.019
0 0.485 0.9655 0.01 0.013
0 0.471 0.9715 0.016 0.019
0 0.2765 0.963 0.025 0.028
0 0.0945 0.9655 0.017 0.015
0 0.0795 0.976 0.021 0.022
0 0.0885 0.9855 0.027 0.021
0 0.0985 0.8175 0.031 0.023
0 0.0855 0.7815 0.021 0.017
0 0.224 0.777 0.018 0.026
0 0.2755 0.822 0.021 0.016
0 0.1045 0.922 0.017 0.024
0 0.022 0.99 0.02 0.018
0 0.616 0.366 0.026 0.022
0 0.902 0.148 0.02 0.024
0 0.731 0.1555 0.012 0.021
0 0.701 0.219 0.026 0.018
0 0.656 0.198 0.012 0.016
0 0.494 0.384 0.018 0.018
0 0.7585 0.8845 0.021 0.029
0 0.699 0.8485 0.022 0.019
0 0.628 0.867 0.018 0.03
0 0.5945 0.725 0.015 0.016
0 0.196 0.743 0.018 0.022
0 0.219 0.7525 0.02 0.017
0 0.047 0.644 0.012 0.016
0 0.138 0.868 0.024 0.018
0 0.009 0.9 0.016 0.024
0 0.472 0.2275 0.018 0.025
0 0.4365 0.225 0.011 0.01
0 0.265 0.0865 0.02 0.027
0 0.215 0.127 0.03 0.016
0 0.2215 0.139 0.027 0.016
0 0.1665 0.153 0.019 0.018
0 0.119 0.1525 0.014 0.017
0 0.1075 0.167 0.017 0.016
0 0.0755 0.287 0.027 0.026
0 0.027 0.3165 0.016 0.017
0 0.0765 0.035 0.023 0.022
0 0.236 0.351 0.018 0.016
0 0.254 0.353 0.022 0.02
0 0.212 0.437 0.022 0.03
0 0.2145 0.488 0.017 0.024
0 0.208 0.6895 0.016 0.019
0 0.115 0.639 0.022 0.016
0 0.134 0.6275 0.014 0.013
0 0.1855 0.6755 0.019 0.013
0 0.2695 0.78 0.023 0.02
0 0.0175 0.9615 0.021 0.019
0 0.1055 0.8965 0.021 0.017
0 0.123 0.8955 0.016 0.019
0 0.1205 0.968 0.015 0.014
0 0.1275 0.982 0.023 0.014
0 0.1355 0.967 0.017 0.014
0 0.211 0.9915 0.02 0.015
0 0.1595 0.5405 0.021 0.025
0 0.108 0.5415 0.01 0.011
0 0.265 0.181 0.012 0.014
0 0.255 0.171 0.01 0.01
0 0.4775 0.185 0.017 0.024
0 0.475 0.207 0.01 0.012
0 0.818 0.3845 0.016 0.017
0 0.8435 0.3845 0.013 0.021
0 0.8615 0.377 0.019 0.02
0 0.8575 0.336 0.013 0.018
0 0.9235 0.2995 0.015 0.019
0 0.9815 0.2745 0.015 0.013
0 0.9725 0.2395 0.021 0.013
0 0.9305 0.1635 0.013 0.013
0 0.953 0.1735 0.01 0.009
0 0.76 0.1475 0.02 0.011
0 0.7895 0.1195 0.017 0.013
0 0.8345 0.1075 0.019 0.021
0 0.821 0.21 0.016 0.008
0 0.6305 0.397 0.021 0.024
0 0.7015 0.512 0.027 0.02
0 0.7155 0.5985 0.017 0.019
0 0.7375 0.59 0.021 0.02
0 0.7465 0.6605 0.025 0.031
0 0.755 0.7105 0.022 0.019
0 0.5015 0.9695 0.011 0.019
0 0.441 0.9295 0.024 0.015
0 0.419 0.8855 0.016 0.025
0 0.1745 0.839 0.015 0.016
0 0.177 0.86 0.018 0.022
0 0.142 0.68 0.018 0.018
0 0.129 0.673 0.016 0.02
0 0.0305 0.629 0.017 0.016
0 0.012 0.64 0.02 0.02
0 0.264 0.3015 0.014 0.011
0 0.2695 0.3125 0.031 0.019
0 0.1895 0.008 0.015 0.014
0 0.4645 0.244 0.013 0.014
0 0.4805 0.2415 0.011 0.017
0 0.4735 0.2565 0.011 0.017
0 0.3295 0.029 0.017 0.018
0 0.0525 0.3605 0.017 0.025
0 0.455 0.4245 0.016 0.017
0 0.462 0.44 0.018 0.024
0 0.2555 0.502 0.013 0.022
0 0.2275 0.6 0.019 0.016
0 0.1855 0.628 0.013 0.018
0 0.2055 0.6225 0.019 0.021
0 0.0395 0.978 0.019 0.026
0 0.022 0.88 0.012 0.01
0 0.01 0.7975 0.02 0.015
0 0.0205 0.787 0.013 0.016
0 0.0115 0.761 0.023 0.026
0 0.0325 0.7405 0.023 0.021
0 0.044 0.698 0.028 0.016
0 0.076 0.687 0.018 0.02
0 0.3845 0.2325 0.011 0.015
0 0.615 0.083 0.026 0.014
0 0.6295 0.072 0.027 0.018
0 0.603 0.0495 0.016 0.019
0 0.758 0.468 0.024 0.016
0 0.493 0.479 0.022 0.012
0 0.4675 0.5615 0.017 0.027
0 0.604 0.6825 0.012 0.013
0 0.6175 0.7865 0.025 0.019
0 0.6135 0.7705 0.019 0.017
0 0.645 0.5115 0.02 0.021
0 0.674 0.478 0.022 0.018
0 0.6055 0.445 0.013 0.016
0 0.632 0.4325 0.018 0.019
0 0.523 0.3705 0.02 0.021
0 0.395 0.088 0.016 0.016
0 0.3945 0.1105 0.023 0.025
0 0.5105 0.4435 0.017 0.019
0 0.9235 0.8935 0.017 0.019
0 0.9365 0.965 0.023 0.022
0 0.9235 0.9875 0.029 0.013
0 0.9065 0.8755 0.019 0.019
0 0.9805 0.8605 0.017 0.019
0 0.911 0.851 0.02 0.022
0 0.898 0.8175 0.016 0.017
0 0.8225 0.711 0.019 0.022
0 0.851 0.746 0.02 0.016
0 0.887 0.7425 0.018 0.023
0 0.846 0.799 0.018 0.024
0 0.8545 0.7715 0.021 0.033
0 0.8185 0.8865 0.017 0.023
0 0.7795 0.9095 0.011 0.009
0 0.784 0.928 0.014 0.02
0 0.8595 0.9345 0.015 0.027
0 0.8885 0.9175 0.017 0.023
0 0.9685 0.7835 0.027 0.023
0 0.2995 0.928 0.017 0.022
0 0.344 0.893 0.016 0.012
0 0.3465 0.9105 0.021 0.019
0 0.2435 0.6655 0.021 0.023
0 0.214 0.568 0.014 0.018
0 0.2195 0.58 0.019 0.02
0 0.197 0.553 0.014 0.02
0 0.1875 0.5645 0.009 0.013
0 0.2 0.573 0.01 0.014
0 0.2075 0.6485 0.021 0.021
0 0.221 0.6405 0.022 0.027
0 0.247 0.6215 0.01 0.011
0 0.297 0.432 0.02 0.018
0 0.3175 0.4395 0.021 0.025
0 0.1995 0.485 0.013 0.03
0 0.185 0.488 0.018 0.028
0 0.1285 0.445 0.025 0.016
0 0.067 0.048 0.016 0.022
0 0.08 0.0545 0.01 0.011
0 0.058 0.044 0.012 0.018
0 0.0045 0.058 0.009 0.018
0 0.0055 0.035 0.011 0.022
0 0.011 0.008 0.014 0.014
0 0.179 0.054 0.014 0.018
0 0.1655 0.0705 0.013 0.011
0 0.1385 0.203 0.011 0.016
0 0.16 0.378 0.018 0.02
0 0.271 0.515 0.012 0.022
0 0.26 0.546 0.012 0.02
0 0.298 0.6035 0.02 0.013
0 0.2995 0.6215 0.035 0.019
0 0.348 0.701 0.014 0.024
0 0.147 0.7145 0.03 0.023
0 0.1315 0.7295 0.015 0.013
0 0.1005 0.72 0.021 0.026
0 0.053 0.8555 0.016 0.019
0 0.0865 0.85 0.019 0.022
0 0.011 0.822 0.02 0.022
0 0.0525 0.585 0.017 0.024
0 0.0545 0.6015 0.017 0.023
0 0.1625 0.907 0.017 0.022
0 0.2065 0.961 0.019 0.018
0 0.186 0.4215 0.018 0.029
0 0.116 0.4725 0.018 0.019
0 0.1325 0.4815 0.019 0.019
0 0.109 0.4845 0.018 0.019
0 0.1025 0.518 0.017 0.02
0 0.116 0.526 0.022 0.018
0 0.014 0.299 0.018 0.026
0 0.37 0.3665 0.02 0.025
0 0.376 0.29 0.01 0.01
0 0.399 0.0035 0.014 0.007
0 0.567 0.1065 0.018 0.023
0 0.637 0.195 0.022 0.018
0 0.6385 0.212 0.023 0.024
0 0.606 0.3035 0.022 0.019
0 0.5915 0.2955 0.021 0.023
0 0.527 0.2405 0.012 0.019
0 0.4515 0.322 0.015 0.016
0 0.5035 0.3075 0.023 0.023
0 0.52 0.308 0.016 0.02
0 0.379 0.0755 0.016 0.023
0 0.672 0.339 0.014 0.018
0 0.652 0.4025 0.016 0.019
0 0.646 0.3835 0.02 0.021
0 0.6955 0.3855 0.015 0.017
0 0.8065 0.3245 0.033 0.023
0 0.2245 0.1875 0.025 0.025
0 0.2325 0.2895 0.015 0.023
0 0.2245 0.3025 0.009 0.009
0 0.3715 0.414 0.029 0.02
0 0.4035 0.324 0.019 0.026
0 0.4065 0.3385 0.017 0.015
0 0.4615 0.339 0.017 0.022
0 0.527 0.4165 0.016 0.019
0 0.5535 0.845 0.021 0.026
0 0.639 0.9005 0.012 0.011
0 0.607 0.9075 0.022 0.025
0 0.722 0.654 0.022 0.016
0 0.7195 0.638 0.025 0.018
0 0.68 0.651 0.014 0.018
0 0.6615 0.671 0.013 0.014
0 0.646 0.655 0.01 0.012
0 0.6185 0.6185 0.019 0.019
0 0.6145 0.606 0.017 0.028
0 0.521 0.3315 0.016 0.023
0 0.537 0.278 0.028 0.022
0 0.513 0.2825 0.024 0.025
0 0.4425 0.262 0.017 0.024
0 0.4525 0.1625 0.021 0.019
0 0.444 0.106 0.016 0.02
0 0.4375 0.126 0.013 0.014
0 0.4845 0.1275 0.015 0.015
0 0.463 0.103 0.012 0.01
0 0.315 0.032 0.02 0.026
0 0.191 0.286 0.024 0.026
0 0.178 0.3695 0.02 0.019
0 0.158 0.366 0.02 0.018
0 0.3745 0.158 0.015 0.02
0 0.392 0.177 0.01 0.016
0 0.4405 0.1805 0.013 0.015
0 0.4065 0.237 0.015 0.024
0 0.394 0.2435 0.018 0.015
0 0.3595 0.321 0.017 0.02
0 0.112 0.3735 0.016 0.023
0 0.0485 0.381 0.025 0.02
0 0.0215 0.3925 0.015 0.019
0 0.1045 0.6185 0.015 0.021
0 0.154 0.612 0.016 0.022
0 0.1565 0.645 0.017 0.014
0 0.1705 0.6395 0.015 0.013
0 0.034 0.6855 0.012 0.013
0 0.1815 0.919 0.011 0.014
0 0.2575 0.8405 0.017 0.019
0 0.204 0.8655 0.012 0.021
0 0.2135 0.8675 0.015 0.015
0 0.219 0.874 0.018 0.012
0 0.2325 0.8325 0.017 0.013
0 0.2065 0.782 0.013 0.016
0 0.1595 0.78 0.019 0.022
0 0.1745 0.7255 0.027 0.019
0 0.0115 0.6635 0.017 0.021
0 0.0855 0.0765 0.013 0.019
0 0.007 0.1545 0.014 0.019
0 0.566 0.3515 0.03 0.021
0 0.5815 0.2065 0.019 0.015
0 0.575 0.228 0.022 0.018
0 0.855 0.13 0.012 0.016
0 0.826 0.252 0.016 0.03
0 0.9225 0.4635 0.011 0.021
0 0.917 0.5235 0.024 0.017
0 0.9925 0.5575 0.013 0.017
0 0.971 0.5835 0.016 0.017
0 0.9295 0.6025 0.015 0.029
0 0.8875 0.579 0.011 0.012
0 0.8095 0.497 0.017 0.014
0 0.725 0.618 0.014 0.014
0 0.739 0.6285 0.014 0.013
0 0.548 0.5785 0.016 0.025
0 0.534 0.578 0.016 0.024
0 0.274 0.5975 0.024 0.017
0 0.293 0.5915 0.018 0.013
0 0.262 0.1 0.014 0.02
0 0.701 0.1925 0.018 0.023
0 0.5795 0.3345 0.019 0.015
0 0.434 0.4555 0.016 0.027
0 0.4335 0.4305 0.023 0.019
0 0.699 0.255 0.022 0.02
0 0.6765 0.2505 0.015 0.025
0 0.7355 0.289 0.009 0.014
0 0.8015 0.597 0.015 0.016
0 0.7645 0.6445 0.027 0.025
0 0.79 0.68 0.022 0.022
0 0.6805 0.824 0.017 0.022
0 0.7075 0.8195 0.017 0.019
0 0.759 0.8185 0.016 0.017
0 0.694 0.8725 0.03 0.027
0 0.6805 0.967 0.017 0.014
0 0.5685 0.78 0.021 0.016
0 0.5685 0.796 0.011 0.01
0 0.5395 0.781 0.019 0.018
0 0.508 0.8225 0.012 0.015
0 0.5145 0.8355 0.007 0.007
0 0.532 0.838 0.02 0.02
0 0.5385 0.8215 0.025 0.013
0 0.4475 0.865 0.013 0.016
0 0.384 0.929 0.016 0.014
0 0.3715 0.918 0.013 0.016
0 0.3685 0.9475 0.025 0.023
0 0.378 0.955 0.012 0.016
0 0.5085 0.1675 0.013 0.027
0 0.5785 0.146 0.017 0.016
0 0.5765 0.166 0.011 0.018
0 0.8875 0.2075 0.013 0.015
0 0.5665 0.648 0.015 0.022
0 0.5645 0.664 0.015 0.016
0 0.554 0.626 0.016 0.02
0 0.94 0.1135 0.024 0.031
0 0.23 0.706 0.024 0.024
0 0.2505 0.7065 0.027 0.031
0 0.254 0.6985 0.02 0.017
0 0.3765 0.202 0.023 0.03
0 0.869 0.703 0.026 0.018
0 0.8565 0.718 0.017 0.02
0 0.3265 0.567 0.019 0.024
0 0.343 0.566 0.014 0.018
0 0.3685 0.5425 0.019 0.017
0 0.3835 0.5285 0.017 0.021
0 0.4 0.62 0.024 0.022
0 0.675 0.1065 0.018 0.015
0 0.6055 0.004 0.017 0.008
0 0.6885 0.0195 0.019 0.019
0 0.663 0.167 0.016 0.016
0 0.6705 0.175 0.023 0.02
0 0.9865 0.3145 0.019 0.027
0 0.944 0.417 0.018 0.01
0 0.9445 0.431 0.017 0.022
0 0.91 0.79 0.028 0.028
0 0.9885 0.5875 0.013 0.015
0 0.193 0.374 0.014 0.012
0 0.1115 0.417 0.019 0.022
0 0.1295 0.195 0.013 0.022
0 0.2 0.329 0.016 0.016
0 0.2015 0.344 0.023 0.016
0 0.6815 0.5535 0.019 0.021
0 0.61 0.57 0.022 0.032
0 0.7095 0.173 0.013 0.01
0 0.695 0.181 0.012 0.012
0 0.7365 0.1765 0.009 0.015
0 0.75 0.189 0.026 0.02
0 0.782 0.213 0.018 0.032
0 0.7305 0.363 0.019 0.026
0 0.714 0.432 0.018 0.02
0 0.498 0.6485 0.012 0.013
0 0.4515 0.475 0.021 0.022
0 0.393 0.5095 0.01 0.019
0 0.63 0.936 0.016 0.014
0 0.6175 0.9395 0.009 0.011
0 0.585 0.9695 0.018 0.017
0 0.534 0.9695 0.012 0.021
0 0.538 0.884 0.024 0.02
0 0.601 0.886 0.014 0.018
0 0.687 0.6805 0.012 0.019
0 0.821 0.6715 0.012 0.015
0 0.8385 0.6595 0.021 0.023
0 0.8715 0.647 0.015 0.022
0 0.8695 0.582 0.015 0.022
0 0.834 0.5665 0.02 0.025
0 0.6275 0.2735 0.021 0.019
0 0.6205 0.2835 0.015 0.013
0 0.155 0.241 0.028 0.02
0 0.2015 0.837 0.025 0.026
0 0.358 0.753 0.016 0.018
0 0.4435 0.786 0.019 0.022
0 0.41 0.8095 0.01 0.011
0 0.332 0.81 0.016 0.016
0 0.3795 0.6905 0.033 0.035
0 0.0365 0.462 0.023 0.02
0 0.202 0.2225 0.012 0.015
0 0.204 0.239 0.018 0.022
0 0.5635 0.915 0.023 0.028
0 0.4725 0.9445 0.015 0.011
0 0.4935 0.93 0.023 0.024
0 0.304 0.5515 0.032 0.023
0 0.094 0.4285 0.018 0.019
0 0.075 0.4295 0.02 0.017
0 0.0535 0.337 0.017 0.016
0 0.066 0.3445 0.026 0.019
0 0.089 0.797 0.018 0.016
0 0.0785 0.8035 0.015 0.023
0 0.045 0.8775 0.016 0.019
0 0.0685 0.871 0.009 0.016
0 0.058 0.8785 0.012 0.013
0 0.078 0.927 0.018 0.018
0 0.076 0.943 0.018 0.022
0 0.1595 0.8735 0.013 0.015
0 0.1515 0.8795 0.015 0.011
0 0.1245 0.4585 0.017 0.017
0 0.145 0.4635 0.012 0.015
0 0.6215 0.984 0.023 0.016
0 0.6015 0.9325 0.023 0.021
0 0.666 0.9195 0.034 0.015
0 0.6645 0.9375 0.023 0.019
0 0.469 0.723 0.012 0.018
0 0.482 0.604 0.018 0.022
0 0.506 0.3925 0.014 0.021
0 0.4835 0.4395 0.019 0.027
0 0.513 0.4175 0.016 0.017
0 0.501 0.41 0.008 0.008
0 0.478 0.3935 0.012 0.017
0 0.1805 0.027 0.017 0.03
0 0.197 0.029 0.014 0.022
0 0.773 0.0295 0.024 0.027
0 0.807 0.0235 0.022 0.037
0 0.829 0.051 0.02 0.04
0 0.072 0.162 0.018 0.018
0 0.7695 0.721 0.021 0.018
0 0.574 0.758 0.02 0.018
0 0.6255 0.8315 0.023 0.021
0 0.8715 0.904 0.019 0.024
0 0.9815 0.94 0.017 0.022
0 0.993 0.8345 0.012 0.025
0 0.986 0.711 0.016 0.016
0 0.99 0.6215 0.018 0.023
0 0.933 0.6595 0.016 0.017
0 0.9475 0.653 0.011 0.012
0 0.714 0.699 0.028 0.016
0 0.651 0.7055 0.018 0.023
0 0.4355 0.703 0.019 0.018
0 0.5095 0.072 0.019 0.024
0 0.5475 0.0475 0.013 0.021
0 0.5595 0.05 0.021 0.026
0 0.7175 0.139 0.019 0.02
0 0.737 0.08 0.022 0.014
0 0.769 0.0085 0.02 0.017
0 0.9515 0.079 0.013 0.016
0 0.9915 0.136 0.011 0.014
0 0.8755 0.24 0.013 0.01
0 0.899 0.2045 0.016 0.013
0 0.7395 0.341 0.015 0.024
0 0.2525 0.473 0.019 0.026
0 0.247 0.3705 0.024 0.017
0 0.259 0.3795 0.016 0.019
0 0.277 0.3765 0.012 0.019
0 0.1575 0.191 0.021 0.016
0 0.1735 0.1765 0.019 0.029
0 0.1725 0.3925 0.019 0.021
0 0.1615 0.399 0.015 0.016
0 0.184 0.3925 0.012 0.017
0 0.3835 0.4395 0.019 0.021
0 0.0305 0.4125 0.021 0.023
0 0.054 0.2115 0.016 0.027
0 0.496 0.066 0.018 0.028
0 0.606 0.157 0.02 0.028
0 0.614 0.1725 0.022 0.011
0 0.596 0.159 0.012 0.022
0 0.769 0.587 0.02 0.016
0 0.758 0.6055 0.012 0.013
0 0.7755 0.691 0.021 0.018
0 0.972 0.8205 0.018 0.023
0 0.9295 0.775 0.021 0.016
0 0.9365 0.792 0.017 0.014
0 0.8865 0.7875 0.011 0.011
0 0.85 0.6355 0.02 0.027
0 0.483 0.0165 0.014 0.013
0 0.638 0.0225 0.018 0.021
0 0.8485 0.2625 0.011 0.013
0 0.8655 0.226 0.029 0.026
0 0.8465 0.234 0.017 0.026
0 0.8585 0.153 0.015 0.018
0 0.958 0.064 0.012 0.014
0 0.7775 0.481 0.023 0.038
0 0.733 0.514 0.014 0.018
0 0.7465 0.5195 0.015 0.015
0 0.7065 0.561 0.025 0.018
0 0.521 0.3995 0.012 0.011
0 0.378 0.1025 0.018 0.017
0 0.5435 0.14 0.019 0.024
0 0.7515 0.3035 0.027 0.021
0 0.737 0.319 0.02 0.022
0 0.714 0.788 0.02 0.02
0 0.7225 0.8035 0.019 0.019
0 0.6465 0.747 0.023 0.018
0 0.6385 0.757 0.021 0.01
0 0.377 0.5975 0.02 0.019
0 0.077 0.6675 0.02 0.017
0 0.027 0.6565 0.016 0.021
0 0.0075 0.2435 0.013 0.023
0 0.0805 0.1495 0.027 0.015
0 0.216 0.0205 0.012 0.019
0 0.232 0.021 0.024 0.016
0 0.473 0.148 0.02 0.028
0 0.313 0.7255 0.028 0.023
0 0.311 0.746 0.02 0.024
0 0.292 0.78 0.014 0.014
0 0.2885 0.911 0.021 0.022
0 0.282 0.8985 0.018 0.019
0 0.296 0.889 0.018 0.018
0 0.338 0.855 0.026 0.022
0 0.3265 0.8685 0.009 0.009
0 0.429 0.85 0.02 0.028
0 0.397 0.8985 0.016 0.015
0 0.406 0.8815 0.014 0.027
0 0.493 0.6365 0.018 0.015
0 0.0615 0.192 0.013 0.018
0 0.0865 0.6535 0.019 0.015
0 0.1065 0.67 0.015 0.014
0 0.078 0.7315 0.014 0.019
0 0.0845 0.745 0.019 0.014
0 0.0095 0.4585 0.019 0.019
0 0.016 0.5065 0.014 0.019
0 0.009 0.482 0.018 0.018
0 0.4395 0.168 0.013 0.012
0 0.531 0.0055 0.024 0.009
0 0.902 0.115 0.016 0.016
0 0.0465 0.4905 0.021 0.015
0 0.0455 0.4795 0.019 0.013
0 0.271 0.8455 0.012 0.029
0 0.237 0.8145 0.016 0.011
0 0.216 0.8175 0.02 0.017
0 0.386 0.9015 0.008 0.013
0 0.2735 0.87 0.013 0.02
0 0.0405 0.851 0.007 0.01
0 0.0485 0.6805 0.019 0.017
0 0.063 0.232 0.016 0.022
0 0.0785 0.2165 0.009 0.017
0 0.1275 0.842 0.021 0.014
0 0.058 0.904 0.022 0.02
0 0.033 0.927 0.018 0.02
0 0.0905 0.6825 0.013 0.017
0 0.373 0.3265 0.014 0.013
0 0.5545 0.125 0.021 0.04
0 0.4355 0.3925 0.029 0.017
0 0.406 0.3995 0.012 0.017
0 0.3915 0.367 0.017 0.01
0 0.3845 0.3835 0.013 0.013
0 0.381 0.394 0.016 0.008
0 0.364 0.128 0.01 0.012
0 0.3725 0.0345 0.019 0.025
0 0.3425 0.0405 0.017 0.023
0 0.3625 0.1145 0.017 0.019
0 0.965 0.914 0.014 0.018
0 0.981 0.981 0.018 0.026
0 0.922 0.9345 0.02 0.017
0 0.9025 0.914 0.017 0.018
0 0.908 0.9035 0.024 0.021
0 0.992 0.887 0.014 0.02
0 0.978 0.8415 0.014 0.015
0 0.993 0.7915 0.012 0.025
0 0.9875 0.7795 0.007 0.009
0 0.975 0.723 0.012 0.018
0 0.987 0.5385 0.014 0.015
0 0.964 0.383 0.018 0.014
0 0.978 0.2935 0.016 0.013
0 0.9915 0.2895 0.015 0.019
0 0.837 0.3685 0.014 0.017
0 0.851 0.3575 0.02 0.015
0 0.8765 0.253 0.015 0.01
0 0.9165 0.2485 0.015 0.013
0 0.455 0.6215 0.022 0.021
0 0.3795 0.7455 0.019 0.023
0 0.3565 0.7765 0.017 0.017
0 0.3575 0.8645 0.019 0.017
0 0.357 0.877 0.016 0.016
0 0.2985 0.978 0.017 0.022
0 0.132 0.916 0.022 0.018
0 0.052 0.9185 0.022 0.019
0 0.544 0.474 0.014 0.01
0 0.5805 0.441 0.017 0.01
0 0.563 0.4075 0.016 0.015
0 0.6425 0.1365 0.021 0.023
0 0.642 0.1645 0.012 0.011
0 0.774 0.092 0.01 0.022
0 0.8015 0.0635 0.011 0.013
0 0.841 0.068 0.012 0.012
0 0.88 0.0915 0.018 0.017
0 0.911 0.053 0.006 0.01
0 0.9415 0.008 0.015 0.014
0 0.9495 0.021 0.011 0.01
0 0.976 0.0235 0.012 0.011
0 0.545 0.4145 0.016 0.023
0 0.4245 0.4145 0.009 0.011
0 0.4075 0.3635 0.009 0.013
0 0.41 0.384 0.016 0.02
0 0.351 0.6235 0.008 0.013
0 0.3405 0.656 0.009 0.016
0 0.3335 0.666 0.009 0.018
0 0.6265 0.4805 0.013 0.015
0 0.726 0.416 0.012 0.016
0 0.907 0.3025 0.018 0.017
0 0.8425 0.903 0.019 0.018
0 0.859 0.901 0.016 0.02
0 0.6475 0.952 0.027 0.018
0 0.548 0.896 0.01 0.014
0 0.481 0.9955 0.014 0.007
0 0.3685 0.9905 0.019 0.017
0 0.3525 0.969 0.013 0.012
0 0.351 0.9865 0.012 0.019
0 0.288 0.739 0.01 0.014
0 0.2085 0.59 0.009 0.012
0 0.006 0.61 0.012 0.016
0 0.0795 0.6315 0.011 0.017
0 0.206 0.1515 0.006 0.011
0 0.2205 0.169 0.011 0.014
0 0.2155 0.1575 0.013 0.013
0 0.3315 0.081 0.007 0.01
0 0.3435 0.0725 0.011 0.019
0 0.362 0.076 0.008 0.012
0 0.645 0.006 0.014 0.01
0 0.97 0.032 0.012 0.014
0 0.9785 0.078 0.015 0.012
0 0.958 0.0965 0.014 0.017
0 0.9695 0.2115 0.009 0.013
0 0.9725 0.1995 0.019 0.021
0 0.938 0.2535 0.004 0.007
0 0.8755 0.3125 0.013 0.017
0 0.7955 0.21 0.013 0.01
0 0.7755 0.1575 0.009 0.009
0 0.777 0.1895 0.006 0.011
0 0.8015 0.189 0.007 0.01
0 0.7935 0.197 0.015 0.012
0 0.845 0.198 0.014 0.014
0 0.711 0.319 0.008 0.012
0 0.6605 0.3705 0.015 0.009
0 0.615 0.338 0.016 0.012
0 0.437 0.4035 0.02 0.015
0 0.297 0.4595 0.01 0.009
0 0.203 0.4125 0.012 0.015
0 0.006 0.7375 0.01 0.017
0 0.42 0.904 0.018 0.02
0 0.432 0.9145 0.018 0.011
0 0.452 0.8455 0.012 0.015
0 0.4595 0.802 0.007 0.008
0 0.4685 0.808 0.009 0.01
0 0.4425 0.7605 0.011 0.017
0 0.4545 0.762 0.015 0.02
0 0.5135 0.721 0.013 0.018
0 0.582 0.7 0.01 0.012
0 0.7625 0.4485 0.023 0.019
0 0.974 0.3965 0.012 0.011
0 0.9715 0.3645 0.017 0.015
0 0.9655 0.729 0.013 0.014
0 0.951 0.748 0.01 0.012
0 0.902 0.731 0.012 0.014
0 0.9215 0.745 0.009 0.014
0 0.9615 0.6705 0.007 0.007
0 0.687 0.8035 0.02 0.015
0 0.6875 0.7675 0.025 0.021
0 0.7585 0.7295 0.017 0.015
0 0.1125 0.008 0.029 0.016
0 0.124 0.025 0.024 0.028
0 0.1375 0.006 0.015 0.012
0 0.104 0.391 0.016 0.044
0 0.1125 0.5045 0.023 0.025
0 0.0965 0.7515 0.007 0.011
0 0.1045 0.8445 0.027 0.025
0 0.0075 0.9295 0.015 0.027
0 0.1385 0.93 0.035 0.016
0 0.167 0.955 0.01 0.012
0 0.1755 0.962 0.007 0.014
0 0.3125 0.911 0.019 0.018
0 0.214 0.8985 0.024 0.029
0 0.226 0.9015 0.04 0.023
0 0.2055 0.9545 0.027 0.037
0 0.3895 0.988 0.021 0.016
0 0.7005 0.9345 0.043 0.031
0 0.786 0.992 0.02 0.014
0 0.9085 0.9715 0.027 0.013
0 0.956 0.974 0.018 0.022
0 0.9655 0.939 0.015 0.024
0 0.9905 0.8645 0.017 0.027
0 0.932 0.7575 0.022 0.023
0 0.8415 0.7085 0.019 0.033
0 0.577 0.463 0.018 0.032
0 0.599 0.531 0.022 0.034
0 0.483 0.543 0.028 0.032
0 0.3615 0.5925 0.035 0.021
0 0.227 0.6215 0.018 0.017
0 0.004 0.5595 0.008 0.027
0 0.2655 0.399 0.033 0.022
0 0.23 0.069 0.032 0.018
0 0.691 0.123 0.024 0.028
0 0.6445 0.1515 0.015 0.011
0 0.9065 0.1235 0.017 0.021
0 0.99 0.0845 0.018 0.025
0 0.894 0.312 0.012 0.022
0 0.8775 0.3165 0.017 0.023
0 0.585 0.498 0.018 0.022
0 0.9615 0.1285 0.013 0.025
0 0.9525 0.153 0.019 0.014
0 0.943 0.139 0.012 0.01
0 0.9085 0.193 0.025 0.022
0 0.9935 0.412 0.011 0.016
0 0.835 0.541 0.024 0.024
0 0.824 0.562 0.01 0.008
0 0.77 0.603 0.01 0.018
0 0.592 0.618 0.012 0.018
0 0.4705 0.6375 0.021 0.017
0 0.311 0.7055 0.014 0.017
0 0.324 0.714 0.016 0.018
0 0.1305 0.773 0.015 0.014
0 0.133 0.8535 0.022 0.013
0 0.1485 0.9005 0.021 0.027
0 0.0295 0.9225 0.025 0.031
0 0.686 0.412 0.054 0.028
0 0.804 0.674 0.012 0.028
0 0.818 0.65 0.012 0.018
0 0.8165 0.814 0.027 0.034
0 0.472 0.4125 0.018 0.025
0 0.643 0.5865 0.024 0.025
0 0.937 0.086 0.018 0.018
0 0.8255 0.009 0.029 0.018
0 0.8395 0.0195 0.009 0.011
0 0.761 0.094 0.018 0.02
0 0.8595 0.091 0.011 0.018
0 0.8815 0.0915 0.029 0.027
0 0.856 0.204 0.008 0.02
0 0.0985 0.028 0.017 0.026
0 0.17 0.1235 0.026 0.037
0 0.39 0.1575 0.016 0.013
0 0.454 0.1175 0.018 0.023
0 0.4875 0.1095 0.013 0.013
0 0.5605 0.176 0.019 0.022
0 0.664 0.1475 0.012 0.015
0 0.684 0.186 0.01 0.022
0 0.7935 0.17 0.017 0.016
0 0.8695 0.021 0.015 0.01
0 0.887 0.0375 0.018 0.015
0 0.851 0.1655 0.02 0.011
0 0.8885 0.2725 0.011 0.019
0 0.8655 0.2845 0.011 0.011
0 0.9915 0.222 0.013 0.022
0 0.993 0.1915 0.012 0.025
0 0.6815 0.367 0.013 0.02
0 0.5545 0.411 0.015 0.018
0 0.368 0.4425 0.016 0.019
0 0.327 0.3785 0.012 0.015
0 0.332 0.3635 0.016 0.011
0 0.32 0.3745 0.004 0.011
0 0.031 0.413 0.022 0.04
0 0.0425 0.6615 0.023 0.025
0 0.1235 0.7865 0.011 0.013
0 0.2165 0.7995 0.013 0.009
0 0.293 0.766 0.024 0.016
0 0.302 0.789 0.016 0.02
0 0.311 0.828 0.012 0.014
0 0.3205 0.7985 0.011 0.009
0 0.215 0.925 0.008 0.022
0 0.1695 0.7005 0.013 0.013
0 0.3505 0.254 0.019 0.02
0 0.2845 0.446 0.009 0.022
0 0.4955 0.4915 0.021 0.015
0 0.382 0.553 0.014 0.018
0 0.3375 0.591 0.013 0.018
0 0.278 0.5605 0.012 0.019
0 0.633 0.7065 0.022 0.019
0 0.415 0.7495 0.018 0.011
0 0.411 0.78 0.016 0.018
0 0.5015 0.8385 0.013 0.023
0 0.5615 0.859 0.013 0.024
0 0.5795 0.8765 0.019 0.025
0 0.7015 0.975 0.009 0.02
0 0.746 0.853 0.012 0.012
0 0.754 0.7745 0.032 0.021
0 0.6955 0.812 0.021 0.026
0 0.6595 0.7715 0.019 0.017
0 0.7435 0.7475 0.017 0.021
0 0.625 0.6955 0.024 0.015
0 0.599 0.701 0.018 0.012
0 0.5635 0.7315 0.013 0.017
0 0.525 0.745 0.024 0.02
0 0.339 0.634 0.01 0.016
0 0.396 0.3015 0.016 0.013
0 0.3735 0.344 0.011 0.014
0 0.9685 0.5545 0.025 0.025
0 0.9255 0.5795 0.025 0.023
0 0.986 0.6775 0.026 0.035
0 0.7845 0.64 0.021 0.014
0 0.6125 0.8805 0.011 0.019
0 0.1925 0.119 0.011 0.026
0 0.6265 0.81 0.011 0.018
0 0.6385 0.8 0.009 0.018
0 0.64 0.8265 0.014 0.023
0 0.7465 0.836 0.023 0.014
0 0.8955 0.5 0.017 0.016
0 0.914 0.484 0.01 0.014
0 0.978 0.912 0.014 0.018
0 0.8565 0.825 0.009 0.008
0 0.576 0.127 0.008 0.018
0 0.589 0.0605 0.008 0.013
0 0.1795 0.192 0.025 0.024
0 0.2495 0.05 0.011 0.018
