0 0.013 0.006 0.016 0.012
0 0.0125 0.0135 0.015 0.015
0 0.0055 0.0145 0.011 0.015
0 0.059 0.008 0.012 0.014
0 0.07 0.0085 0.016 0.017
0 0.0875 0.014 0.025 0.028
0 0.063 0.0305 0.02 0.023
0 0.074 0.0425 0.02 0.025
0 0.097 0.0395 0.018 0.015
0 0.1035 0.057 0.019 0.022
0 0.079 0.069 0.026 0.024
0 0.109 0.025 0.018 0.022
0 0.1245 0.038 0.021 0.028
0 0.119 0.0075 0.02 0.015
0 0.161 0.011 0.02 0.02
0 0.149 0.005 0.016 0.01
0 0.1435 0.0155 0.021 0.023
0 0.1605 0.0355 0.019 0.023
0 0.1845 0.021 0.019 0.026
0 0.204 0.019 0.018 0.02
0 0.2065 0.034 0.021 0.016
0 0.2395 0.0325 0.021 0.019
0 0.307 0.016 0.02 0.02
0 0.292 0.0145 0.016 0.017
0 0.346 0.022 0.026 0.02
0 0.405 0.012 0.02 0.014
0 0.3575 0.0395 0.019 0.013
0 0.3855 0.022 0.029 0.012
0 0.411 0.033 0.034 0.016
0 0.38 0.0545 0.022 0.019
0 0.388 0.0625 0.024 0.021
0 0.397 0.05 0.022 0.014
0 0.4185 0.0515 0.025 0.015
0 0.465 0.014 0.02 0.012
0 0.4505 0.0465 0.023 0.021
0 0.4315 0.0415 0.023 0.015
0 0.49 0.024 0.034 0.014
0 0.408 0.0725 0.018 0.015
0 0.427 0.0825 0.016 0.013
0 0.459 0.0795 0.018 0.019
0 0.459 0.028 0.016 0.012
0 0.354 0.388 0.026 0.024
0 0.394 0.379 0.018 0.012
0 0.449 0.434 0.012 0.012
0 0.455 0.4415 0.01 0.011
0 0.435 0.444 0.014 0.01
0 0.4735 0.4315 0.011 0.013
0 0.4775 0.3955 0.013 0.011
0 0.4705 0.4035 0.009 0.013
0 0.4605 0.4115 0.009 0.009
0 0.455 0.421 0.012 0.012
0 0.4415 0.4275 0.009 0.009
0 0.4275 0.4765 0.009 0.009
0 0.418 0.4795 0.012 0.011
0 0.4135 0.49 0.011 0.01
0 0.3955 0.5055 0.011 0.009
0 0.4 0.4955 0.01 0.011
0 0.3745 0.511 0.011 0.01
0 0.4855 0.6115 0.011 0.011
0 0.4745 0.6135 0.011 0.011
0 0.4945 0.6185 0.011 0.009
0 0.5015 0.608 0.013 0.012
0 0.4835 0.619 0.013 0.01
0 0.4525 0.661 0.009 0.012
0 0.411 0.6385 0.008 0.009
0 0.4175 0.65 0.009 0.01
0 0.408 0.644 0.01 0.01
0 0.4065 0.657 0.013 0.012
0 0.3565 0.712 0.013 0.016
0 0.3555 0.728 0.011 0.014
0 0.381 0.7035 0.012 0.015
0 0.365 0.701 0.01 0.01
0 0.384 0.744 0.01 0.012
0 0.345 0.7165 0.012 0.011
0 0.326 0.7305 0.01 0.019
0 0.313 0.7365 0.012 0.011
0 0.3075 0.723 0.009 0.014
0 0.2895 0.742 0.009 0.012
0 0.274 0.7395 0.018 0.019
0 0.287 0.777 0.008 0.014
0 0.2175 0.759 0.023 0.016
0 0.1555 0.7395 0.017 0.021
0 0.057 0.968 0.016 0.022
0 0.0995 0.949 0.015 0.014
0 0.074 0.97 0.014 0.022
0 0.0835 0.9505 0.019 0.019
0 0.1745 0.966 0.019 0.028
0 0.207 0.9295 0.018 0.019
0 0.1855 0.937 0.019 0.016
0 0.2085 0.9535 0.023 0.019
0 0.154 0.97 0.016 0.02
0 0.2375 0.955 0.019 0.016
0 0.249 0.934 0.016 0.02
0 0.2655 0.9365 0.015 0.013
0 0.243 0.9705 0.022 0.015
0 0.276 0.9535 0.016 0.025
0 0.2925 0.953 0.013 0.014
0 0.3175 0.9125 0.017 0.031
0 0.2985 0.912 0.017 0.024
0 0.287 0.8965 0.016 0.027
0 0.272 0.908 0.012 0.02
0 0.342 0.8645 0.014 0.023
0 0.2685 0.883 0.017 0.022
0 0.216 0.8965 0.016 0.025
0 0.2285 0.895 0.015 0.022
0 0.1945 0.89 0.019 0.016
0 0.203 0.8595 0.02 0.023
0 0.22 0.868 0.018 0.018
0 0.178 0.8595 0.024 0.025
0 0.157 0.8505 0.022 0.019
0 0.144 0.856 0.02 0.016
0 0.148 0.874 0.016 0.012
0 0.136 0.887 0.018 0.014
0 0.106 0.883 0.018 0.02
0 0.0975 0.899 0.021 0.022
0 0.0615 0.9085 0.017 0.019
0 0.045 0.9025 0.016 0.025
0 0.0315 0.889 0.017 0.022
0 0.008 0.88 0.016 0.018
0 0.017 0.956 0.018 0.022
0 0.016 0.9795 0.014 0.019
0 0.1015 0.9865 0.013 0.017
0 0.121 0.9505 0.014 0.015
0 0.1315 0.9155 0.021 0.021
0 0.092 0.921 0.014 0.018
0 0.1535 0.909 0.025 0.014
0 0.1695 0.8925 0.019 0.015
0 0.248 0.87 0.016 0.022
0 0.288 0.8585 0.016 0.025
0 0.301 0.865 0.024 0.028
0 0.3145 0.866 0.019 0.028
0 0.3365 0.906 0.011 0.02
0 0.33 0.8805 0.01 0.021
0 0.3755 0.8805 0.013 0.031
0 0.358 0.874 0.016 0.03
0 0.3525 0.8535 0.007 0.011
0 0.331 0.859 0.014 0.018
0 0.4185 0.8545 0.011 0.011
0 0.4545 0.89 0.013 0.026
0 0.431 0.924 0.018 0.03
0 0.3955 0.9225 0.017 0.021
0 0.421 0.9295 0.014 0.029
0 0.3325 0.9565 0.017 0.015
0 0.393 0.951 0.01 0.022
0 0.349 0.9225 0.012 0.015
0 0.365 0.966 0.012 0.02
0 0.3975 0.9775 0.015 0.021
0 0.44 0.972 0.014 0.024
0 0.422 0.977 0.018 0.022
0 0.408 0.954 0.018 0.022
0 0.4735 0.9375 0.013 0.017
0 0.611 0.36 0.01 0.01
0 0.5995 0.383 0.009 0.012
0 0.625 0.355 0.008 0.016
0 0.6295 0.3835 0.011 0.013
0 0.639 0.3185 0.012 0.011
0 0.667 0.3445 0.01 0.019
0 0.6845 0.348 0.013 0.012
0 0.6845 0.36 0.013 0.01
0 0.671 0.3715 0.01 0.013
0 0.7165 0.398 0.009 0.01
0 0.755 0.3135 0.028 0.013
0 0.61 0.479 0.012 0.012
0 0.584 0.4805 0.012 0.013
0 0.572 0.4855 0.008 0.011
0 0.538 0.468 0.01 0.012
0 0.543 0.4485 0.01 0.009
0 0.497 0.479 0.012 0.012
0 0.4045 0.574 0.013 0.012
0 0.4185 0.5715 0.017 0.011
0 0.4335 0.561 0.009 0.01
0 0.449 0.554 0.01 0.01
0 0.454 0.5505 0.01 0.011
0 0.47 0.5415 0.01 0.013
0 0.603 0.4855 0.01 0.011
0 0.602 0.491 0.01 0.01
0 0.6135 0.494 0.009 0.01
0 0.604 0.5015 0.018 0.011
0 0.5795 0.4965 0.011 0.009
0 0.572 0.4935 0.01 0.009
0 0.664 0.494 0.01 0.012
0 0.6465 0.4875 0.011 0.011
0 0.6595 0.4835 0.011 0.011
0 0.6255 0.4795 0.013 0.011
0 0.595 0.5285 0.01 0.011
0 0.608 0.5195 0.01 0.013
0 0.6605 0.504 0.009 0.01
0 0.6235 0.525 0.011 0.01
0 0.623 0.534 0.01 0.01
0 0.624 0.5625 0.01 0.011
0 0.633 0.567 0.01 0.01
0 0.5885 0.5865 0.011 0.011
0 0.5805 0.5675 0.009 0.011
0 0.672 0.55 0.01 0.008
0 0.683 0.5405 0.012 0.013
0 0.6945 0.5235 0.011 0.011
0 0.7075 0.5235 0.011 0.011
0 0.678 0.529 0.012 0.012
0 0.6535 0.565 0.009 0.01
0 0.709 0.5415 0.016 0.009
0 0.707 0.547 0.01 0.01
0 0.665 0.5585 0.012 0.011
0 0.6655 0.571 0.013 0.01
0 0.684 0.551 0.012 0.01
0 0.6955 0.547 0.011 0.012
0 0.678 0.561 0.01 0.01
0 0.676 0.6185 0.012 0.009
0 0.6965 0.63 0.011 0.012
0 0.7035 0.6255 0.011 0.011
0 0.769 0.643 0.008 0.012
0 0.7405 0.6675 0.011 0.011
0 0.758 0.67 0.01 0.012
0 0.763 0.6605 0.012 0.013
0 0.7695 0.657 0.011 0.012
0 0.7815 0.66 0.009 0.01
0 0.814 0.661 0.01 0.01
0 0.805 0.654 0.014 0.01
0 0.787 0.6485 0.016 0.011
0 0.788 0.6565 0.01 0.009
0 0.761 0.6435 0.01 0.009
0 0.724 0.662 0.014 0.012
0 0.7365 0.6295 0.011 0.013
0 0.7445 0.6285 0.011 0.013
0 0.7545 0.649 0.011 0.01
0 0.746 0.651 0.01 0.01
0 0.7475 0.634 0.011 0.01
0 0.7475 0.64 0.011 0.008
0 0.7325 0.655 0.013 0.01
0 0.7005 0.676 0.011 0.008
0 0.7015 0.6805 0.009 0.009
0 0.759 0.6845 0.01 0.009
0 0.685 0.6835 0.01 0.011
0 0.682 0.676 0.012 0.012
0 0.7115 0.6705 0.011 0.009
0 0.642 0.697 0.012 0.01
0 0.646 0.7045 0.008 0.011
0 0.6325 0.701 0.011 0.012
0 0.631 0.7235 0.014 0.013
0 0.6655 0.7405 0.013 0.009
0 0.5135 0.9035 0.019 0.023
0 0.5285 0.899 0.013 0.026
0 0.5265 0.93 0.021 0.022
0 0.55 0.8795 0.018 0.023
0 0.5855 0.8415 0.013 0.009
0 0.488 0.839 0.01 0.012
0 0.5515 0.932 0.015 0.016
0 0.552 0.9075 0.012 0.013
0 0.451 0.985 0.014 0.022
0 0.442 0.9135 0.018 0.023
0 0.452 0.9185 0.016 0.027
0 0.535 0.9685 0.018 0.021
0 0.4925 0.953 0.013 0.026
0 0.5025 0.964 0.021 0.024
0 0.589 0.9625 0.014 0.019
0 0.6165 0.952 0.017 0.018
0 0.64 0.9545 0.016 0.023
0 0.6625 0.9385 0.021 0.021
0 0.572 0.8615 0.016 0.021
0 0.5675 0.8845 0.015 0.023
0 0.591 0.894 0.018 0.02
0 0.597 0.8735 0.02 0.021
0 0.634 0.9 0.02 0.016
0 0.7515 0.8535 0.021 0.015
0 0.7485 0.8645 0.023 0.019
0 0.7465 0.876 0.021 0.016
0 0.696 0.872 0.02 0.028
0 0.701 0.8895 0.02 0.023
0 0.7245 0.9435 0.021 0.021
0 0.726 0.9555 0.02 0.019
0 0.7105 0.989 0.019 0.018
0 0.75 0.922 0.02 0.016
0 0.7585 0.9035 0.025 0.015
0 0.731 0.9125 0.016 0.019
0 0.8905 0.866 0.019 0.018
0 0.8625 0.8165 0.019 0.025
0 0.8575 0.792 0.017 0.02
0 0.907 0.7765 0.014 0.025
0 0.9285 0.7645 0.017 0.021
0 0.968 0.7715 0.018 0.027
0 0.9805 0.7935 0.019 0.025
0 0.9765 0.8245 0.019 0.023
0 0.961 0.8735 0.02 0.023
0 0.9845 0.8525 0.019 0.019
0 0.9315 0.8565 0.019 0.025
0 0.9305 0.8695 0.019 0.017
0 0.9455 0.8985 0.019 0.021
0 0.915 0.884 0.02 0.02
0 0.294 0.3535 0.02 0.021
0 0.1225 0.299 0.025 0.02
0 0.1455 0.3115 0.021 0.019
0 0.1635 0.3175 0.013 0.015
0 0.207 0.321 0.024 0.024
0 0.203 0.276 0.018 0.014
0 0.1735 0.2885 0.017 0.015
0 0.154 0.282 0.018 0.018
0 0.1415 0.276 0.019 0.018
0 0.0305 0.247 0.013 0.012
0 0.0735 0.2135 0.021 0.027
0 0.13 0.1585 0.018 0.017
0 0.188 0.167 0.022 0.014
0 0.1165 0.1735 0.021 0.021
0 0.0695 0.1495 0.029 0.021
0 0.0895 0.14 0.021 0.018
0 0.0115 0.1685 0.023 0.021
0 0.0275 0.152 0.027 0.024
0 0.0405 0.1615 0.015 0.015
0 0.0175 0.1335 0.027 0.017
0 0.0365 0.1145 0.029 0.019
0 0.072 0.0975 0.018 0.019
0 0.0275 0.068 0.021 0.022
0 0.0345 0.0345 0.023 0.021
0 0.007 0.057 0.014 0.016
0 0.1445 0.073 0.017 0.022
0 0.1225 0.112 0.027 0.018
0 0.204 0.101 0.018 0.014
0 0.1935 0.0905 0.013 0.015
0 0.2975 0.052 0.017 0.016
0 0.3235 0.0705 0.013 0.017
0 0.4325 0.133 0.025 0.012
0 0.4605 0.117 0.013 0.016
0 0.4725 0.126 0.017 0.01
0 0.426 0.1185 0.018 0.013
0 0.5005 0.078 0.015 0.018
0 0.4935 0.095 0.015 0.012
0 0.4995 0.1055 0.019 0.015
0 0.5345 0.093 0.013 0.024
0 0.5495 0.0745 0.019 0.021
0 0.5595 0.092 0.019 0.024
0 0.533 0.153 0.018 0.026
0 0.575 0.151 0.022 0.02
0 0.5945 0.144 0.015 0.02
0 0.5465 0.159 0.013 0.026
0 0.502 0.15 0.018 0.016
0 0.505 0.162 0.024 0.016
0 0.522 0.1555 0.018 0.023
0 0.4655 0.2045 0.017 0.017
0 0.4405 0.0995 0.017 0.019
0 0.435 0.1165 0.02 0.015
0 0.3425 0.118 0.027 0.026
0 0.3675 0.1295 0.017 0.023
0 0.41 0.1475 0.02 0.015
0 0.342 0.266 0.018 0.02
0 0.2805 0.2615 0.013 0.017
0 0.281 0.2445 0.02 0.029
0 0.299 0.2565 0.018 0.021
0 0.311 0.278 0.018 0.018
0 0.314 0.259 0.01 0.018
0 0.279 0.3285 0.014 0.021
0 0.303 0.308 0.008 0.012
0 0.2735 0.29 0.019 0.024
0 0.2845 0.31 0.019 0.026
0 0.2525 0.3155 0.015 0.017
0 0.2505 0.297 0.019 0.02
0 0.232 0.292 0.018 0.022
0 0.2335 0.324 0.011 0.02
0 0.2085 0.3475 0.015 0.019
0 0.221 0.3415 0.02 0.021
0 0.19 0.341 0.014 0.02
0 0.157 0.393 0.02 0.018
0 0.1395 0.377 0.017 0.014
0 0.122 0.438 0.016 0.016
0 0.1085 0.425 0.013 0.018
0 0.0885 0.4235 0.021 0.019
0 0.0805 0.4 0.021 0.02
0 0.084 0.3555 0.02 0.019
0 0.1175 0.3465 0.013 0.011
0 0.1115 0.4025 0.015 0.017
0 0.1205 0.3855 0.019 0.015
0 0.101 0.3725 0.016 0.025
0 0.1305 0.424 0.021 0.02
0 0.1015 0.4425 0.017 0.019
0 0.1115 0.474 0.023 0.016
0 0.09 0.485 0.016 0.014
0 0.099 0.479 0.02 0.026
0 0.0985 0.544 0.009 0.012
0 0.0555 0.5605 0.017 0.015
0 0.0375 0.5605 0.017 0.019
0 0.137 0.5595 0.02 0.019
0 0.153 0.5255 0.026 0.015
0 0.139 0.493 0.022 0.02
0 0.1425 0.4685 0.019 0.021
0 0.834 0.579 0.012 0.012
0 0.855 0.5675 0.01 0.011
0 0.8285 0.5875 0.011 0.009
0 0.842 0.5975 0.01 0.011
0 0.817 0.587 0.01 0.01
0 0.805 0.589 0.01 0.012
0 0.7985 0.5935 0.011 0.011
0 0.8605 0.5775 0.009 0.009
0 0.8485 0.579 0.011 0.01
0 0.8425 0.5705 0.011 0.011
0 0.8415 0.5855 0.011 0.009
0 0.8305 0.5975 0.009 0.011
0 0.8095 0.6035 0.011 0.011
0 0.7805 0.6035 0.011 0.011
0 0.771 0.6135 0.012 0.011
0 0.796 0.607 0.012 0.01
0 0.82 0.6005 0.008 0.007
0 0.753 0.584 0.014 0.012
0 0.761 0.5795 0.01 0.009
0 0.7695 0.585 0.011 0.008
0 0.773 0.5775 0.01 0.011
0 0.784 0.59 0.01 0.012
0 0.7585 0.593 0.011 0.01
0 0.774 0.593 0.01 0.01
0 0.724 0.625 0.014 0.016
0 0.722 0.635 0.014 0.01
0 0.676 0.6395 0.016 0.013
0 0.6645 0.6455 0.015 0.013
0 0.631 0.6835 0.012 0.011
0 0.611 0.6945 0.012 0.015
0 0.602 0.68 0.016 0.012
0 0.567 0.6795 0.014 0.009
0 0.464 0.731 0.01 0.014
0 0.458 0.7615 0.016 0.013
0 0.4435 0.7415 0.013 0.013
0 0.4055 0.7485 0.009 0.011
0 0.3755 0.754 0.011 0.008
0 0.3555 0.752 0.013 0.01
0 0.3715 0.747 0.011 0.014
0 0.4 0.739 0.01 0.012
0 0.3975 0.7585 0.013 0.011
0 0.37 0.7665 0.012 0.009
0 0.393 0.7755 0.01 0.011
0 0.317 0.7915 0.014 0.009
0 0.356 0.8165 0.008 0.015
0 0.422 0.7925 0.008 0.011
0 0.424 0.806 0.014 0.01
0 0.4805 0.766 0.011 0.012
0 0.485 0.7425 0.012 0.013
0 0.4645 0.747 0.009 0.012
0 0.511 0.7165 0.01 0.013
0 0.5125 0.7465 0.009 0.011
0 0.42 0.7645 0.012 0.011
0 0.426 0.7565 0.012 0.011
0 0.404 0.734 0.012 0.014
0 0.363 0.5165 0.01 0.011
0 0.288 0.523 0.012 0.02
0 0.308 0.5055 0.016 0.011
0 0.3855 0.4925 0.009 0.009
0 0.3905 0.4975 0.011 0.009
0 0.3625 0.487 0.009 0.01
0 0.3145 0.414 0.023 0.02
0 0.328 0.4455 0.012 0.011
0 0.176 0.4505 0.018 0.015
0 0.181 0.4595 0.018 0.013
0 0.1575 0.4285 0.033 0.019
0 0.1855 0.423 0.025 0.016
0 0.165 0.414 0.022 0.018
0 0.1855 0.3905 0.019 0.021
0 0.246 0.37 0.018 0.024
0 0.2625 0.362 0.013 0.016
0 0.2705 0.3675 0.015 0.019
0 0.337 0.3595 0.028 0.023
0 0.292 0.3765 0.026 0.029
0 0.3495 0.295 0.025 0.028
0 0.369 0.301 0.02 0.03
0 0.3195 0.336 0.023 0.024
0 0.326 0.3125 0.02 0.025
0 0.3385 0.334 0.021 0.026
0 0.3625 0.3425 0.015 0.017
0 0.179 0.4035 0.02 0.017
0 0.1935 0.3785 0.015 0.019
0 0.2085 0.379 0.017 0.02
0 0.218 0.393 0.016 0.024
0 0.242 0.3935 0.02 0.023
0 0.0505 0.4195 0.015 0.021
0 0.054 0.3815 0.022 0.023
0 0.033 0.3225 0.018 0.017
0 0.0695 0.3255 0.013 0.015
0 0.065 0.332 0.014 0.018
0 0.086 0.294 0.016 0.022
0 0.0675 0.2405 0.019 0.019
0 0.133 0.2595 0.012 0.011
0 0.0435 0.2845 0.023 0.019
0 0.046 0.255 0.02 0.018
0 0.0125 0.303 0.019 0.022
0 0.03 0.2695 0.018 0.017
0 0.063 0.2835 0.022 0.019
0 0.116 0.1975 0.016 0.013
0 0.134 0.1905 0.024 0.015
0 0.1185 0.211 0.013 0.01
0 0.1695 0.128 0.011 0.012
0 0.2005 0.116 0.017 0.014
0 0.2635 0.0835 0.019 0.019
0 0.4015 0.28 0.025 0.032
0 0.54 0.2505 0.008 0.017
0 0.427 0.307 0.02 0.03
0 0.4285 0.2915 0.021 0.021
0 0.4895 0.2175 0.019 0.027
0 0.6645 0.262 0.023 0.02
0 0.5795 0.322 0.013 0.008
0 0.5095 0.3515 0.011 0.011
0 0.5215 0.25 0.011 0.03
0 0.613 0.1995 0.03 0.023
0 0.659 0.192 0.02 0.018
0 0.678 0.206 0.018 0.018
0 0.721 0.1695 0.018 0.025
0 0.6945 0.1635 0.021 0.019
0 0.696 0.1485 0.022 0.023
0 0.6585 0.1695 0.015 0.021
0 0.759 0.138 0.02 0.016
0 0.781 0.153 0.014 0.018
0 0.815 0.2145 0.02 0.015
0 0.7515 0.189 0.019 0.018
0 0.78 0.2075 0.018 0.011
0 0.797 0.177 0.018 0.016
0 0.688 0.0855 0.02 0.027
0 0.7785 0.084 0.025 0.024
0 0.807 0.0635 0.016 0.017
0 0.784 0.0205 0.018 0.015
0 0.578 0.063 0.012 0.02
0 0.597 0.053 0.012 0.014
0 0.606 0.123 0.02 0.018
0 0.649 0.0815 0.012 0.011
0 0.68 0.111 0.022 0.02
0 0.6625 0.142 0.013 0.014
0 0.7225 0.0865 0.017 0.017
0 0.7155 0.103 0.013 0.018
0 0.7145 0.121 0.015 0.012
0 0.727 0.0595 0.014 0.011
0 0.615 0.038 0.018 0.018
0 0.6225 0.05 0.017 0.022
0 0.569 0.7815 0.016 0.015
0 0.5745 0.7905 0.013 0.011
0 0.6365 0.7685 0.023 0.027
0 0.6605 0.7695 0.019 0.023
0 0.5955 0.7645 0.015 0.017
0 0.6025 0.7775 0.015 0.019
0 0.526 0.826 0.016 0.02
0 0.4725 0.861 0.013 0.024
0 0.4895 0.86 0.015 0.024
0 0.4505 0.796 0.015 0.016
0 0.471 0.7975 0.014 0.017
0 0.474 0.809 0.016 0.012
0 0.161 0.6435 0.02 0.017
0 0.131 0.61 0.03 0.016
0 0.1335 0.6225 0.029 0.013
0 0.0925 0.6565 0.021 0.019
0 0.134 0.633 0.028 0.016
0 0.078 0.673 0.016 0.018
0 0.0315 0.731 0.017 0.016
0 0.0565 0.6545 0.015 0.021
0 0.3285 0.481 0.013 0.014
0 0.316 0.489 0.014 0.012
0 0.3405 0.5695 0.009 0.007
0 0.3595 0.641 0.011 0.012
0 0.3395 0.677 0.011 0.008
0 0.352 0.6755 0.014 0.007
0 0.361 0.679 0.01 0.008
0 0.3415 0.663 0.017 0.008
0 0.352 0.6565 0.012 0.011
0 0.3185 0.6335 0.011 0.009
0 0.307 0.632 0.008 0.014
0 0.2035 0.605 0.023 0.01
0 0.2115 0.611 0.027 0.01
0 0.1735 0.568 0.021 0.016
0 0.155 0.48 0.018 0.018
0 0.2715 0.4445 0.019 0.017
0 0.267 0.4075 0.022 0.025
0 0.759 0.5275 0.01 0.017
0 0.746 0.499 0.012 0.01
0 0.7805 0.531 0.011 0.01
0 0.7835 0.523 0.009 0.008
0 0.7955 0.525 0.009 0.01
0 0.845 0.515 0.01 0.01
0 0.9445 0.2255 0.017 0.019
0 0.954 0.237 0.016 0.016
0 0.8965 0.238 0.017 0.016
0 0.8885 0.28 0.021 0.02
0 0.9085 0.31 0.017 0.02
0 0.915 0.2615 0.014 0.015
0 0.91 0.219 0.022 0.016
0 0.8855 0.21 0.025 0.024
0 0.919 0.184 0.016 0.016
0 0.9435 0.141 0.017 0.018
0 0.898 0.1385 0.018 0.021
0 0.814 0.125 0.016 0.02
0 0.8335 0.1315 0.017 0.019
0 0.8185 0.1515 0.013 0.017
0 0.8405 0.1575 0.021 0.019
0 0.8535 0.1345 0.013 0.015
0 0.8785 0.1125 0.015 0.015
0 0.847 0.095 0.016 0.028
0 0.817 0.0945 0.018 0.013
0 0.7545 0.0705 0.023 0.019
0 0.745 0.0335 0.02 0.017
0 0.7465 0.0085 0.015 0.017
0 0.7965 0.0355 0.025 0.017
0 0.826 0.0315 0.024 0.021
0 0.824 0.0125 0.018 0.017
0 0.89 0.0255 0.012 0.015
0 0.8535 0.0325 0.021 0.015
0 0.8285 0.063 0.017 0.016
0 0.8345 0.0445 0.015 0.013
0 0.8935 0.0515 0.021 0.015
0 0.9175 0.058 0.027 0.02
0 0.9275 0.0235 0.023 0.025
0 0.975 0.028 0.02 0.022
0 0.9005 0.015 0.017 0.024
0 0.9615 0.109 0.013 0.014
0 0.9755 0.1005 0.015 0.013
0 0.959 0.0705 0.024 0.025
0 0.938 0.077 0.012 0.012
0 0.8865 0.0705 0.021 0.017
0 0.723 0.2565 0.022 0.019
0 0.573 0.2065 0.032 0.021
0 0.5405 0.185 0.015 0.012
0 0.4965 0.1285 0.029 0.015
0 0.5165 0.215 0.021 0.026
0 0.589 0.2 0.014 0.026
0 0.6515 0.2155 0.015 0.011
0 0.759 0.2145 0.018 0.015
0 0.744 0.1715 0.018 0.021
0 0.77 0.19 0.016 0.02
0 0.8475 0.2205 0.019 0.019
0 0.838 0.213 0.018 0.016
0 0.8465 0.2 0.017 0.018
0 0.8685 0.1925 0.015 0.021
0 0.9215 0.24 0.015 0.016
0 0.905 0.2645 0.016 0.015
0 0.949 0.202 0.016 0.014
0 0.6835 0.282 0.023 0.02
0 0.66 0.242 0.022 0.012
0 0.695 0.2185 0.022 0.011
0 0.7245 0.19 0.013 0.01
0 0.9255 0.11 0.013 0.018
0 0.99 0.0555 0.012 0.015
0 0.9765 0.12 0.013 0.018
0 0.9435 0.166 0.017 0.014
0 0.936 0.1815 0.014 0.015
0 0.9 0.1895 0.02 0.011
0 0.7665 0.2335 0.023 0.015
0 0.791 0.226 0.016 0.018
0 0.7685 0.151 0.017 0.022
0 0.5685 0.257 0.021 0.012
0 0.6925 0.293 0.029 0.016
0 0.657 0.282 0.022 0.016
0 0.7675 0.283 0.023 0.014
0 0.8 0.2375 0.018 0.017
0 0.5855 0.2345 0.017 0.019
0 0.237 0.521 0.024 0.02
0 0.243 0.482 0.024 0.014
0 0.2345 0.5035 0.021 0.013
0 0.254 0.495 0.026 0.012
0 0.2535 0.5015 0.019 0.009
0 0.2515 0.51 0.019 0.014
0 0.2385 0.534 0.019 0.016
0 0.286 0.5405 0.01 0.013
0 0.3495 0.516 0.011 0.01
0 0.377 0.497 0.01 0.012
0 0.6915 0.5635 0.013 0.013
0 0.699 0.5695 0.012 0.011
0 0.6925 0.577 0.011 0.014
0 0.6785 0.583 0.013 0.01
0 0.6245 0.607 0.009 0.01
0 0.5475 0.589 0.009 0.01
0 0.496 0.588 0.01 0.01
0 0.3755 0.558 0.009 0.01
0 0.394 0.5815 0.008 0.009
0 0.399 0.5915 0.01 0.011
0 0.451 0.5715 0.01 0.013
0 0.453 0.5965 0.01 0.009
0 0.4265 0.5845 0.011 0.011
0 0.4095 0.596 0.009 0.01
0 0.46 0.5625 0.01 0.011
0 0.4095 0.581 0.011 0.012
0 0.646 0.476 0.012 0.012
0 0.729 0.5205 0.01 0.007
0 0.705 0.501 0.01 0.01
0 0.686 0.491 0.01 0.01
0 0.6715 0.497 0.011 0.01
0 0.6555 0.508 0.009 0.01
0 0.7395 0.5355 0.011 0.009
0 0.7235 0.579 0.009 0.008
0 0.796 0.554 0.012 0.014
0 0.8065 0.5275 0.009 0.009
0 0.7705 0.5385 0.009 0.013
0 0.861 0.542 0.014 0.008
0 0.841 0.4045 0.008 0.013
0 0.893 0.39 0.016 0.016
0 0.936 0.3725 0.016 0.015
0 0.9825 0.3735 0.021 0.015
0 0.9685 0.3395 0.015 0.013
0 0.9135 0.389 0.015 0.018
0 0.9255 0.4245 0.017 0.019
0 0.9565 0.4235 0.017 0.025
0 0.93 0.455 0.018 0.014
0 0.861 0.4295 0.012 0.009
0 0.8995 0.4085 0.017 0.013
0 0.883 0.4515 0.012 0.011
0 0.9035 0.4255 0.019 0.009
0 0.8885 0.3655 0.023 0.019
0 0.8725 0.3905 0.017 0.019
0 0.831 0.39 0.01 0.012
0 0.6605 0.434 0.015 0.01
0 0.635 0.425 0.012 0.012
0 0.674 0.4255 0.022 0.011
0 0.4335 0.4865 0.013 0.009
0 0.4415 0.48 0.013 0.012
0 0.087 0.573 0.022 0.016
0 0.075 0.6005 0.024 0.017
0 0.0375 0.5765 0.017 0.019
0 0.055 0.6065 0.012 0.011
0 0.1075 0.5895 0.021 0.017
0 0.1345 0.581 0.025 0.02
0 0.168 0.5525 0.032 0.017
0 0.165 0.537 0.022 0.014
0 0.1855 0.481 0.021 0.022
0 0.188 0.5115 0.032 0.017
0 0.148 0.5085 0.026 0.015
0 0.7495 0.2565 0.023 0.017
0 0.739 0.304 0.026 0.02
0 0.7065 0.3215 0.015 0.009
0 0.758 0.345 0.016 0.012
0 0.874 0.242 0.016 0.016
0 0.9915 0.086 0.015 0.022
0 0.977 0.2835 0.024 0.025
0 0.9545 0.2885 0.015 0.013
0 0.995 0.323 0.008 0.02
0 0.945 0.316 0.016 0.016
0 0.8235 0.2465 0.019 0.017
0 0.808 0.199 0.016 0.014
0 0.6695 0.296 0.021 0.014
0 0.239 0.61 0.028 0.012
0 0.2315 0.619 0.025 0.014
0 0.1945 0.6715 0.029 0.019
0 0.324 0.68 0.01 0.01
0 0.0645 0.818 0.023 0.018
0 0.093 0.845 0.014 0.02
0 0.092 0.81 0.014 0.012
0 0.0645 0.779 0.013 0.016
0 0.0955 0.7855 0.013 0.015
0 0.1175 0.7265 0.011 0.011
0 0.0985 0.7225 0.017 0.021
0 0.114 0.7065 0.022 0.013
0 0.13 0.674 0.02 0.018
0 0.116 0.6645 0.022 0.019
0 0.121 0.6485 0.02 0.015
0 0.0825 0.648 0.017 0.016
0 0.062 0.6175 0.014 0.015
0 0.039 0.592 0.008 0.01
0 0.0615 0.5135 0.023 0.023
0 0.045 0.519 0.022 0.022
0 0.0495 0.4855 0.021 0.021
0 0.017 0.5235 0.016 0.023
0 0.032 0.503 0.016 0.022
0 0.009 0.49 0.018 0.026
0 0.036 0.464 0.016 0.024
0 0.0695 0.469 0.015 0.026
0 0.0805 0.379 0.019 0.022
0 0.044 0.336 0.018 0.024
0 0.13 0.238 0.022 0.016
0 0.1445 0.225 0.029 0.02
0 0.138 0.2065 0.016 0.015
0 0.0995 0.2 0.021 0.024
0 0.1555 0.1635 0.017 0.015
0 0.201 0.06 0.016 0.016
0 0.206 0.0715 0.012 0.011
0 0.27 0.054 0.014 0.016
0 0.2945 0.0855 0.011 0.015
0 0.251 0.0685 0.018 0.013
0 0.324 0.0285 0.01 0.011
0 0.2945 0.203 0.019 0.028
0 0.337 0.174 0.03 0.02
0 0.473 0.4555 0.006 0.009
0 0.5155 0.4525 0.007 0.013
0 0.573 0.4075 0.008 0.013
0 0.709 0.785 0.022 0.022
0 0.6935 0.7745 0.017 0.019
0 0.721 0.781 0.016 0.022
0 0.745 0.777 0.02 0.024
0 0.8805 0.735 0.007 0.012
0 0.989 0.68 0.01 0.008
0 0.9145 0.716 0.013 0.01
0 0.9255 0.605 0.017 0.01
0 0.8525 0.6 0.015 0.01
0 0.852 0.5895 0.01 0.009
0 0.813 0.575 0.01 0.012
0 0.7815 0.5515 0.013 0.009
0 0.834 0.5435 0.012 0.013
0 0.813 0.541 0.012 0.012
0 0.8505 0.683 0.015 0.01
0 0.9685 0.636 0.019 0.014
0 0.975 0.687 0.02 0.016
0 0.9445 0.716 0.011 0.012
0 0.8065 0.616 0.011 0.01
0 0.902 0.592 0.012 0.012
0 0.864 0.564 0.01 0.008
0 0.947 0.6545 0.016 0.015
0 0.693 0.818 0.018 0.022
0 0.712 0.834 0.016 0.024
0 0.724 0.823 0.018 0.03
0 0.732 0.801 0.014 0.016
0 0.752 0.8215 0.016 0.025
0 0.778 0.8325 0.016 0.023
0 0.77 0.802 0.016 0.03
0 0.7885 0.8065 0.017 0.023
0 0.768 0.777 0.02 0.02
0 0.815 0.7885 0.02 0.019
0 0.823 0.7745 0.016 0.015
0 0.8405 0.74 0.009 0.008
0 0.7485 0.709 0.015 0.012
0 0.658 0.724 0.01 0.012
0 0.663 0.7155 0.01 0.011
0 0.6735 0.6895 0.013 0.011
0 0.783 0.9535 0.02 0.025
0 0.9235 0.893 0.019 0.02
0 0.9235 0.9175 0.015 0.019
0 0.932 0.952 0.016 0.018
0 0.913 0.972 0.02 0.018
0 0.939 0.9785 0.018 0.017
0 0.9545 0.9905 0.019 0.011
0 0.9895 0.961 0.017 0.02
0 0.9655 0.956 0.017 0.02
0 0.889 0.927 0.012 0.018
0 0.902 0.922 0.014 0.022
0 0.834 0.9085 0.02 0.019
0 0.838 0.937 0.022 0.024
0 0.7885 0.988 0.021 0.022
0 0.8345 0.968 0.019 0.022
0 0.876 0.984 0.022 0.014
0 0.812 0.9785 0.018 0.021
0 0.7895 0.915 0.023 0.022
0 0.7455 0.9835 0.019 0.017
0 0.759 0.9695 0.02 0.017
0 0.7615 0.946 0.017 0.024
0 0.813 0.9405 0.016 0.015
0 0.803 0.949 0.016 0.016
0 0.8535 0.89 0.017 0.018
0 0.8455 0.899 0.017 0.02
0 0.8495 0.9125 0.015 0.019
0 0.867 0.9 0.022 0.018
0 0.861 0.878 0.022 0.018
0 0.8295 0.8795 0.019 0.023
0 0.8795 0.835 0.015 0.016
0 0.9505 0.796 0.023 0.018
0 0.955 0.8185 0.022 0.021
0 0.879 0.8025 0.016 0.017
0 0.207 0.6405 0.024 0.015
0 0.202 0.631 0.022 0.014
0 0.18 0.646 0.024 0.016
0 0.1585 0.669 0.021 0.016
0 0.0655 0.6995 0.019 0.029
0 0.0595 0.7525 0.017 0.017
0 0.1375 0.78 0.027 0.022
0 0.178 0.753 0.02 0.018
0 0.2045 0.728 0.021 0.02
0 0.183 0.6685 0.028 0.017
0 0.2435 0.633 0.021 0.014
0 0.257 0.638 0.014 0.014
0 0.281 0.714 0.016 0.018
0 0.2195 0.7325 0.021 0.019
0 0.193 0.6935 0.022 0.019
0 0.223 0.6645 0.022 0.019
0 0.2475 0.6655 0.027 0.019
0 0.309 0.6745 0.014 0.015
0 0.1315 0.806 0.025 0.016
0 0.1925 0.8135 0.019 0.019
0 0.112 0.8285 0.026 0.017
0 0.134 0.842 0.028 0.018
0 0.1495 0.815 0.023 0.02
0 0.11 0.776 0.018 0.02
0 0.117 0.7915 0.016 0.015
0 0.171 0.8 0.018 0.016
0 0.1855 0.775 0.025 0.018
0 0.216 0.7765 0.016 0.015
0 0.2055 0.702 0.021 0.016
0 0.727 0.886 0.024 0.024
0 0.671 0.889 0.018 0.022
0 0.66 0.867 0.022 0.02
0 0.6775 0.8605 0.019 0.019
0 0.6495 0.848 0.015 0.02
0 0.623 0.8095 0.02 0.021
0 0.6725 0.7935 0.011 0.009
0 0.095 0.514 0.024 0.02
0 0.118 0.5115 0.012 0.011
0 0.17 0.4945 0.022 0.013
0 0.209 0.488 0.018 0.012
0 0.234 0.452 0.024 0.012
0 0.256 0.467 0.024 0.014
0 0.1455 0.45 0.019 0.018
0 0.1635 0.464 0.015 0.014
0 0.055 0.5395 0.016 0.015
0 0.095 0.529 0.022 0.018
0 0.099 0.499 0.018 0.012
0 0.1725 0.597 0.019 0.018
0 0.216 0.543 0.04 0.02
0 0.2115 0.5245 0.023 0.017
0 0.176 0.5205 0.028 0.013
0 0.2145 0.4305 0.017 0.019
0 0.2575 0.4145 0.015 0.017
0 0.2975 0.447 0.007 0.008
0 0.2355 0.259 0.023 0.026
0 0.2655 0.2295 0.017 0.023
0 0.228 0.1765 0.018 0.019
0 0.24 0.156 0.024 0.02
0 0.2335 0.141 0.019 0.014
0 0.1155 0.1015 0.025 0.021
0 0.0565 0.082 0.017 0.022
0 0.1 0.1725 0.022 0.019
0 0.197 0.252 0.018 0.022
0 0.1785 0.255 0.015 0.014
0 0.2225 0.245 0.027 0.018
0 0.2055 0.2245 0.021 0.025
0 0.2375 0.182 0.019 0.02
0 0.2555 0.184 0.015 0.024
0 0.3215 0.149 0.011 0.014
0 0.327 0.134 0.02 0.018
0 0.42 0.1045 0.016 0.013
0 0.393 0.1385 0.024 0.013
0 0.3845 0.1185 0.017 0.019
0 0.394 0.1185 0.018 0.015
0 0.3845 0.2505 0.023 0.027
0 0.302 0.2305 0.016 0.021
0 0.314 0.23 0.014 0.016
0 0.407 0.2525 0.008 0.009
0 0.4115 0.2595 0.009 0.009
0 0.3915 0.226 0.019 0.014
0 0.389 0.2325 0.016 0.011
0 0.356 0.2235 0.012 0.011
0 0.3595 0.232 0.007 0.01
0 0.3215 0.248 0.011 0.012
0 0.3345 0.2315 0.011 0.013
0 0.34 0.2415 0.012 0.013
0 0.3475 0.24 0.009 0.014
0 0.3425 0.232 0.005 0.008
0 0.374 0.2 0.016 0.018
0 0.4165 0.197 0.015 0.012
0 0.4215 0.2105 0.011 0.013
0 0.413 0.2085 0.012 0.015
0 0.44 0.2155 0.012 0.015
0 0.4435 0.2245 0.011 0.015
0 0.4475 0.2765 0.013 0.019
0 0.458 0.269 0.014 0.022
0 0.7045 0.4425 0.015 0.015
0 0.752 0.4665 0.016 0.013
0 0.7515 0.4755 0.013 0.009
0 0.8515 0.5305 0.025 0.015
0 0.8935 0.5335 0.027 0.017
0 0.9095 0.5185 0.013 0.011
0 0.8385 0.6495 0.015 0.009
0 0.858 0.643 0.012 0.008
0 0.877 0.637 0.014 0.008
0 0.237 0.783 0.022 0.018
0 0.2465 0.7185 0.017 0.015
0 0.2365 0.772 0.021 0.02
0 0.0895 0.8685 0.015 0.017
0 0.037 0.8555 0.02 0.015
0 0.07 0.8735 0.026 0.027
0 0.057 0.874 0.016 0.016
0 0.2435 0.828 0.019 0.022
0 0.336 0.7735 0.014 0.015
0 0.2815 0.832 0.015 0.018
0 0.2855 0.821 0.019 0.014
0 0.2885 0.831 0.011 0.014
0 0.326 0.8085 0.004 0.007
0 0.3635 0.8285 0.009 0.005
0 0.3795 0.8315 0.011 0.009
0 0.377 0.8355 0.012 0.009
0 0.5165 0.8535 0.009 0.011
0 0.5085 0.834 0.009 0.01
0 0.5525 0.7945 0.011 0.019
0 0.436 0.495 0.014 0.012
0 0.289 0.4415 0.012 0.011
0 0.355 0.4055 0.012 0.009
0 0.342 0.3965 0.02 0.017
0 0.4635 0.38 0.009 0.008
0 0.5305 0.3435 0.009 0.007
0 0.492 0.3345 0.008 0.007
0 0.4845 0.34 0.009 0.008
0 0.5265 0.3165 0.005 0.011
0 0.545 0.2975 0.012 0.009
0 0.5795 0.3115 0.011 0.009
0 0.6865 0.472 0.011 0.01
0 0.6995 0.482 0.013 0.018
0 0.76 0.494 0.01 0.01
0 0.6745 0.4565 0.013 0.015
0 0.8295 0.333 0.017 0.016
0 0.8415 0.319 0.015 0.012
0 0.8015 0.321 0.015 0.018
0 0.833 0.254 0.012 0.01
0 0.8395 0.249 0.009 0.006
0 0.823 0.275 0.014 0.01
0 0.8395 0.257 0.017 0.014
0 0.9745 0.193 0.011 0.012
0 0.628 0.1025 0.018 0.019
0 0.6345 0.0825 0.015 0.011
0 0.634 0.251 0.01 0.01
0 0.4335 0.399 0.009 0.014
0 0.221 0.688 0.012 0.008
0 0.2235 0.681 0.009 0.008
0 0.2565 0.6825 0.013 0.007
0 0.2405 0.695 0.011 0.01
0 0.281 0.6975 0.016 0.015
0 0.28 0.6455 0.01 0.007
0 0.286 0.6525 0.008 0.011
0 0.5605 0.526 0.011 0.01
0 0.6045 0.546 0.011 0.008
0 0.6065 0.56 0.009 0.01
0 0.6365 0.5225 0.009 0.011
0 0.4735 0.532 0.009 0.01
0 0.5315 0.4835 0.011 0.013
0 0.526 0.459 0.012 0.014
0 0.605 0.4515 0.018 0.013
0 0.6075 0.43 0.007 0.01
0 0.6035 0.43 0.009 0.01
0 0.6005 0.409 0.013 0.01
0 0.522 0.5055 0.01 0.011
0 0.788 0.671 0.012 0.012
0 0.7265 0.6955 0.013 0.013
0 0.84 0.6625 0.01 0.009
0 0.8315 0.662 0.013 0.008
0 0.7945 0.709 0.013 0.014
0 0.7395 0.6805 0.015 0.013
0 0.7815 0.7275 0.017 0.011
0 0.8875 0.64 0.015 0.012
0 0.886 0.6565 0.016 0.017
0 0.8705 0.6595 0.015 0.013
0 0.878 0.668 0.012 0.014
0 0.86 0.6545 0.008 0.009
0 0.853 0.6575 0.01 0.013
0 0.862 0.632 0.01 0.01
0 0.8545 0.6295 0.009 0.011
0 0.9115 0.6405 0.009 0.009
0 0.9195 0.634 0.019 0.014
0 0.857 0.5125 0.012 0.005
0 0.8835 0.5145 0.013 0.021
0 0.8685 0.5185 0.019 0.011
0 0.8245 0.5165 0.009 0.007
0 0.7135 0.566 0.009 0.008
0 0.7175 0.488 0.017 0.012
0 0.6755 0.4045 0.019 0.019
0 0.737 0.2705 0.022 0.017
0 0.7305 0.196 0.011 0.01
0 0.7305 0.2045 0.017 0.011
0 0.7115 0.158 0.015 0.018
0 0.7345 0.1535 0.011 0.019
0 0.608 0.0975 0.02 0.017
0 0.641 0.183 0.022 0.018
0 0.772 0.273 0.03 0.016
0 0.4505 0.3145 0.017 0.023
0 0.4625 0.3245 0.011 0.021
0 0.1755 0.3355 0.017 0.027
0 0.167 0.36 0.018 0.022
0 0.0225 0.59 0.019 0.016
0 0.022 0.578 0.012 0.018
0 0.017 0.5465 0.018 0.021
0 0.0085 0.548 0.017 0.022
0 0.0115 0.621 0.015 0.02
0 0.026 0.6665 0.018 0.023
0 0.051 0.691 0.014 0.02
0 0.024 0.6845 0.012 0.025
0 0.0085 0.681 0.011 0.018
0 0.0295 0.763 0.019 0.02
0 0.024 0.793 0.016 0.022
0 0.0615 0.719 0.019 0.014
0 0.0045 0.697 0.009 0.012
0 0.0075 0.713 0.015 0.018
0 0.0885 0.7025 0.017 0.019
0 0.093 0.6905 0.018 0.015
0 0.123 0.693 0.018 0.012
0 0.135 0.7375 0.012 0.013
0 0.1685 0.7285 0.013 0.023
0 0.0915 0.749 0.017 0.018
0 0.1225 0.747 0.011 0.016
0 0.114 0.75 0.02 0.018
0 0.482 0.6795 0.012 0.009
0 0.5205 0.728 0.011 0.01
0 0.503 0.7275 0.01 0.013
0 0.4955 0.6975 0.009 0.011
0 0.5385 0.38 0.005 0.008
0 0.563 0.3455 0.01 0.013
0 0.5695 0.3485 0.011 0.011
0 0.6545 0.3165 0.009 0.009
0 0.9945 0.458 0.007 0.006
0 0.9765 0.4835 0.009 0.011
0 0.996 0.4625 0.006 0.009
0 0.8155 0.64 0.007 0.01
0 0.7955 0.6175 0.011 0.009
0 0.78 0.613 0.008 0.008
0 0.7575 0.633 0.013 0.008
0 0.7545 0.6245 0.009 0.009
0 0.887 0.561 0.008 0.008
0 0.971 0.5425 0.012 0.011
0 0.933 0.6925 0.006 0.009
0 0.9625 0.6445 0.013 0.009
0 0.608 0.985 0.012 0.014
0 0.5865 0.9225 0.019 0.019
0 0.6115 0.9115 0.017 0.019
0 0.6925 0.912 0.021 0.022
0 0.6715 0.907 0.017 0.018
0 0.6835 0.9895 0.013 0.017
0 0.4545 0.497 0.013 0.014
0 0.541 0.364 0.006 0.01
0 0.5375 0.386 0.005 0.008
0 0.5755 0.381 0.011 0.016
0 0.584 0.374 0.01 0.008
0 0.585 0.3825 0.01 0.011
0 0.6 0.399 0.008 0.008
0 0.496 0.3825 0.018 0.015
0 0.6215 0.4175 0.007 0.009
0 0.6115 0.4405 0.013 0.011
0 0.6195 0.444 0.009 0.006
0 0.5935 0.4305 0.005 0.007
0 0.5815 0.443 0.009 0.01
0 0.5565 0.412 0.009 0.006
0 0.549 0.417 0.012 0.01
0 0.4925 0.5045 0.009 0.009
0 0.496 0.4975 0.014 0.011
0 0.428 0.469 0.012 0.01
0 0.37 0.4915 0.008 0.009
0 0.329 0.5265 0.014 0.013
0 0.341 0.517 0.008 0.012
0 0.374 0.5415 0.01 0.013
0 0.3615 0.5715 0.009 0.011
0 0.3775 0.606 0.007 0.008
0 0.3095 0.5585 0.017 0.007
0 0.314 0.5215 0.01 0.007
0 0.3105 0.53 0.009 0.012
0 0.3275 0.498 0.015 0.012
0 0.341 0.486 0.014 0.012
0 0.3635 0.468 0.017 0.014
0 0.362 0.4515 0.016 0.013
0 0.3915 0.4615 0.013 0.013
0 0.3615 0.439 0.013 0.01
0 0.553 0.5765 0.018 0.013
0 0.562 0.5745 0.008 0.011
0 0.5495 0.5625 0.007 0.007
0 0.553 0.5605 0.006 0.007
0 0.5315 0.672 0.013 0.01
0 0.5535 0.6895 0.007 0.007
0 0.5545 0.668 0.005 0.008
0 0.55 0.67 0.006 0.008
0 0.6025 0.719 0.011 0.008
0 0.605 0.724 0.01 0.01
0 0.6135 0.7585 0.011 0.011
0 0.619 0.7755 0.018 0.025
0 0.5765 0.7695 0.013 0.013
0 0.585 0.7815 0.01 0.023
0 0.552 0.7525 0.012 0.015
0 0.495 0.7725 0.014 0.015
0 0.52 0.756 0.012 0.012
0 0.524 0.76 0.012 0.01
0 0.5355 0.728 0.013 0.018
0 0.567 0.7185 0.01 0.013
0 0.5465 0.713 0.013 0.016
0 0.524 0.689 0.012 0.012
0 0.5155 0.6755 0.011 0.009
0 0.5245 0.6715 0.011 0.011
0 0.485 0.663 0.014 0.01
0 0.4435 0.6915 0.013 0.013
0 0.4555 0.683 0.015 0.016
0 0.435 0.6725 0.008 0.011
0 0.441 0.6735 0.01 0.011
0 0.382 0.6875 0.01 0.009
0 0.4025 0.7165 0.011 0.019
0 0.471 0.7015 0.008 0.011
0 0.4645 0.7 0.009 0.01
0 0.244 0.064 0.014 0.012
0 0.232 0.0655 0.016 0.015
0 0.1795 0.096 0.017 0.014
0 0.257 0.05 0.012 0.01
0 0.1565 0.0865 0.013 0.013
0 0.14 0.082 0.014 0.008
0 0.1345 0.127 0.019 0.014
0 0.187 0.1865 0.01 0.013
0 0.171 0.2135 0.016 0.019
0 0.1645 0.207 0.015 0.02
0 0.224 0.2015 0.018 0.015
0 0.236 0.199 0.012 0.012
0 0.26 0.1945 0.02 0.017
0 0.27 0.171 0.014 0.012
0 0.2725 0.1675 0.015 0.013
0 0.5445 0.4135 0.011 0.011
0 0.5705 0.4205 0.009 0.007
0 0.5845 0.3475 0.011 0.011
0 0.6035 0.3395 0.009 0.009
0 0.6735 0.33 0.015 0.008
0 0.6735 0.3215 0.017 0.013
0 0.667 0.326 0.014 0.01
0 0.4865 0.448 0.013 0.012
0 0.4775 0.4655 0.015 0.015
0 0.4965 0.465 0.009 0.014
0 0.5025 0.4545 0.011 0.011
0 0.5165 0.468 0.009 0.01
0 0.5715 0.4495 0.021 0.013
0 0.626 0.494 0.012 0.01
0 0.621 0.502 0.01 0.01
0 0.7525 0.6125 0.013 0.013
0 0.744 0.6125 0.01 0.013
0 0.8205 0.6455 0.011 0.011
0 0.821 0.6365 0.01 0.007
0 0.825 0.6405 0.012 0.007
0 0.83 0.6375 0.012 0.009
0 0.8065 0.6725 0.007 0.007
0 0.8385 0.6315 0.021 0.013
0 0.788 0.635 0.014 0.012
0 0.825 0.612 0.016 0.012
0 0.826 0.6225 0.014 0.013
0 0.8375 0.615 0.015 0.014
0 0.92 0.592 0.014 0.01
0 0.892 0.6185 0.014 0.013
0 0.8645 0.6185 0.013 0.011
0 0.865 0.608 0.01 0.008
0 0.8645 0.6035 0.009 0.007
0 0.8635 0.599 0.011 0.008
0 0.8805 0.5985 0.011 0.013
0 0.8795 0.5925 0.013 0.011
0 0.8835 0.6045 0.011 0.007
0 0.919 0.6445 0.014 0.013
0 0.956 0.6675 0.01 0.007
0 0.976 0.6555 0.014 0.009
0 0.9845 0.591 0.011 0.014
0 0.903 0.5635 0.012 0.009
0 0.9175 0.559 0.011 0.01
0 0.917 0.5705 0.01 0.009
0 0.9095 0.5695 0.009 0.011
0 0.8925 0.5545 0.013 0.011
0 0.903 0.553 0.012 0.01
0 0.8855 0.5725 0.011 0.011
0 0.895 0.5595 0.01 0.013
0 0.882 0.5765 0.01 0.011
0 0.9435 0.685 0.007 0.006
0 0.9455 0.69 0.007 0.008
0 0.93 0.7 0.004 0.006
0 0.9305 0.673 0.005 0.006
0 0.9265 0.677 0.007 0.008
0 0.9315 0.668 0.007 0.008
0 0.923 0.664 0.008 0.008
0 0.9305 0.689 0.013 0.006
0 0.9275 0.702 0.007 0.008
0 0.929 0.8205 0.014 0.011
0 0.946 0.828 0.014 0.02
0 0.9345 0.828 0.011 0.012
0 0.9245 0.8155 0.009 0.011
0 0.9165 0.8185 0.017 0.023
0 0.907 0.8365 0.018 0.019
0 0.904 0.8505 0.016 0.017
0 0.819 0.8365 0.022 0.023
0 0.833 0.8525 0.014 0.017
0 0.8685 0.8405 0.009 0.011
0 0.8695 0.861 0.015 0.014
0 0.8725 0.849 0.013 0.012
0 0.8465 0.831 0.019 0.022
0 0.827 0.79 0.02 0.02
0 0.8235 0.7215 0.009 0.007
0 0.7775 0.716 0.017 0.014
0 0.81 0.694 0.014 0.014
0 0.8295 0.7115 0.017 0.009
0 0.858 0.7015 0.014 0.013
0 0.85 0.6885 0.016 0.011
0 0.8555 0.7125 0.013 0.013
0 0.8445 0.712 0.013 0.01
0 0.84 0.7135 0.014 0.009
0 0.823 0.7015 0.012 0.007
0 0.8185 0.7095 0.011 0.011
0 0.793 0.716 0.01 0.012
0 0.774 0.6885 0.018 0.017
0 0.7985 0.6775 0.005 0.007
0 0.8015 0.6635 0.011 0.011
0 0.7485 0.668 0.009 0.01
0 0.559 0.039 0.022 0.02
0 0.5775 0.0365 0.011 0.021
0 0.572 0.038 0.012 0.02
0 0.5455 0.0355 0.013 0.015
0 0.5205 0.053 0.013 0.018
0 0.52 0.0255 0.008 0.011
0 0.4345 0.0035 0.021 0.007
0 0.253 0.008 0.016 0.016
0 0.2815 0.006 0.015 0.012
0 0.367 0.005 0.018 0.01
0 0.524 0.0715 0.01 0.011
0 0.537 0.0625 0.01 0.011
0 0.5885 0.004 0.011 0.008
0 0.5955 0.006 0.009 0.012
0 0.591 0.013 0.01 0.012
0 0.589 0.0185 0.01 0.009
0 0.637 0.0405 0.014 0.011
0 0.68 0.0265 0.016 0.017
0 0.6185 0.152 0.007 0.014
0 0.6435 0.1175 0.011 0.011
0 0.6795 0.1375 0.017 0.019
0 0.6715 0.1285 0.017 0.011
0 0.7055 0.108 0.017 0.02
0 0.7 0.061 0.016 0.01
0 0.6905 0.0375 0.017 0.017
0 0.72 0.0295 0.018 0.013
0 0.7195 0.0075 0.021 0.015
0 0.7615 0.017 0.013 0.016
0 0.7735 0.026 0.013 0.016
0 0.819 0.053 0.02 0.016
0 0.8555 0.0515 0.013 0.015
0 0.8605 0.075 0.009 0.008
0 0.867 0.0715 0.008 0.009
0 0.866 0.0795 0.008 0.009
0 0.9065 0.0115 0.009 0.015
0 0.913 0.144 0.01 0.016
0 0.9945 0.134 0.009 0.012
0 0.966 0.1625 0.016 0.015
0 0.988 0.1285 0.01 0.011
0 0.985 0.1695 0.01 0.013
0 0.982 0.1775 0.01 0.011
0 0.9595 0.214 0.011 0.016
0 0.9905 0.218 0.011 0.01
0 0.986 0.222 0.014 0.012
0 0.945 0.2965 0.018 0.015
0 0.9145 0.37 0.015 0.014
0 0.9075 0.365 0.011 0.008
0 0.882 0.444 0.016 0.01
0 0.835 0.483 0.02 0.016
0 0.833 0.5135 0.01 0.009
0 0.8575 0.5015 0.011 0.009
0 0.812 0.4795 0.01 0.009
0 0.8035 0.486 0.011 0.012
0 0.714 0.18 0.014 0.014
0 0.792 0.0575 0.01 0.011
0 0.7855 0.06 0.011 0.01
0 0.768 0.0525 0.016 0.011
0 0.76 0.0495 0.014 0.013
0 0.646 0.0105 0.024 0.021
0 0.729 0.293 0.028 0.022
0 0.65 0.2935 0.024 0.015
0 0.729 0.233 0.014 0.01
0 0.7055 0.196 0.013 0.012
0 0.6155 0.0055 0.015 0.011
0 0.616 0.0145 0.014 0.009
0 0.576 0.006 0.01 0.012
0 0.5445 0.11 0.011 0.012
0 0.5305 0.1145 0.015 0.017
0 0.5485 0.101 0.011 0.016
0 0.5155 0.115 0.011 0.012
0 0.5235 0.132 0.009 0.01
0 0.523 0.1265 0.006 0.007
0 0.522 0.1185 0.008 0.011
0 0.464 0.1375 0.018 0.007
0 0.4915 0.1415 0.021 0.009
0 0.4695 0.182 0.019 0.016
0 0.455 0.1725 0.02 0.023
0 0.4635 0.156 0.023 0.02
0 0.4745 0.244 0.015 0.024
0 0.495 0.266 0.012 0.02
0 0.4955 0.2805 0.011 0.019
0 0.7555 0.374 0.011 0.01
0 0.761 0.371 0.01 0.01
0 0.761 0.377 0.01 0.008
0 0.773 0.3725 0.01 0.011
0 0.7855 0.3795 0.009 0.011
0 0.7925 0.3815 0.007 0.011
0 0.798 0.378 0.008 0.008
0 0.7215 0.411 0.011 0.012
0 0.714 0.4105 0.008 0.009
0 0.753 0.417 0.006 0.008
0 0.7585 0.416 0.007 0.006
0 0.746 0.3985 0.008 0.011
0 0.7675 0.411 0.013 0.014
0 0.71 0.4255 0.012 0.015
0 0.6965 0.413 0.009 0.008
0 0.702 0.4175 0.01 0.011
0 0.6935 0.4205 0.009 0.007
0 0.6745 0.4445 0.011 0.009
0 0.6435 0.3985 0.007 0.009
0 0.646 0.405 0.008 0.012
0 0.6595 0.4085 0.009 0.015
0 0.662 0.413 0.006 0.01
0 0.5945 0.4795 0.011 0.011
0 0.62 0.4705 0.014 0.009
0 0.584 0.493 0.01 0.006
0 0.5525 0.541 0.009 0.012
0 0.5615 0.542 0.009 0.014
0 0.5225 0.194 0.007 0.008
0 0.526 0.201 0.01 0.014
0 0.5315 0.1895 0.013 0.017
0 0.5195 0.208 0.015 0.016
0 0.503 0.236 0.012 0.02
0 0.534 0.234 0.01 0.024
0 0.569 0.243 0.016 0.016
0 0.5535 0.214 0.015 0.02
0 0.4915 0.1885 0.013 0.013
0 0.547 0.3205 0.01 0.013
0 0.5545 0.322 0.013 0.01
0 0.552 0.3085 0.01 0.009
0 0.5365 0.334 0.009 0.012
0 0.5365 0.3295 0.009 0.013
0 0.526 0.281 0.006 0.008
0 0.5245 0.289 0.007 0.01
0 0.5015 0.299 0.007 0.01
0 0.603 0.3045 0.01 0.013
0 0.6145 0.313 0.009 0.008
0 0.6195 0.316 0.013 0.01
0 0.6225 0.31 0.009 0.006
0 0.7165 0.36 0.031 0.02
0 0.7345 0.3545 0.017 0.015
0 0.705 0.3405 0.022 0.019
0 0.7115 0.3485 0.023 0.017
0 0.558 0.6315 0.01 0.015
0 0.5235 0.633 0.011 0.012
0 0.5485 0.613 0.009 0.012
0 0.499 0.641 0.012 0.01
0 0.505 0.645 0.008 0.008
0 0.5815 0.5995 0.007 0.007
0 0.578 0.601 0.006 0.006
0 0.6095 0.595 0.013 0.016
0 0.616 0.593 0.01 0.012
0 0.658 0.599 0.01 0.01
0 0.658 0.585 0.01 0.01
0 0.66 0.6125 0.01 0.009
0 0.718 0.5925 0.012 0.013
0 0.706 0.6045 0.012 0.013
0 0.751 0.563 0.008 0.01
0 0.7265 0.545 0.009 0.008
0 0.723 0.536 0.008 0.008
0 0.719 0.516 0.008 0.01
0 0.749 0.483 0.01 0.012
0 0.74 0.4865 0.012 0.011
0 0.721 0.4775 0.01 0.013
0 0.72 0.455 0.008 0.008
0 0.7595 0.437 0.011 0.01
0 0.8255 0.4565 0.019 0.011
0 0.7925 0.4475 0.011 0.011
0 0.798 0.4525 0.014 0.011
0 0.5645 0.1765 0.013 0.017
0 0.577 0.186 0.016 0.014
0 0.591 0.171 0.016 0.01
0 0.535 0.526 0.01 0.012
0 0.5405 0.523 0.011 0.01
0 0.5405 0.535 0.007 0.006
0 0.5385 0.5395 0.011 0.007
0 0.507 0.572 0.008 0.008
0 0.5115 0.574 0.009 0.008
0 0.4975 0.575 0.013 0.01
0 0.493 0.5705 0.01 0.009
0 0.4625 0.589 0.009 0.008
0 0.4625 0.5765 0.011 0.009
0 0.4295 0.644 0.013 0.012
0 0.4205 0.66 0.009 0.006
0 0.425 0.6795 0.008 0.009
0 0.4165 0.6785 0.009 0.007
0 0.443 0.7135 0.014 0.011
0 0.4635 0.7135 0.011 0.009
0 0.42 0.7235 0.01 0.013
0 0.43 0.743 0.008 0.008
0 0.448 0.749 0.01 0.008
0 0.4525 0.742 0.007 0.006
0 0.424 0.7295 0.008 0.011
0 0.416 0.728 0.01 0.014
0 0.431 0.7065 0.016 0.013
0 0.427 0.7095 0.014 0.011
0 0.366 0.7345 0.008 0.007
0 0.3165 0.713 0.007 0.008
0 0.2855 0.1375 0.015 0.015
0 0.2925 0.1305 0.011 0.011
0 0.313 0.204 0.016 0.016
0 0.331 0.2185 0.01 0.013
0 0.3725 0.908 0.013 0.024
0 0.3915 0.8805 0.007 0.011
0 0.391 0.891 0.012 0.02
0 0.3725 0.9295 0.013 0.027
0 0.866 0.2675 0.014 0.013
0 0.854 0.2925 0.016 0.007
0 0.8685 0.296 0.017 0.006
0 0.554 0.6185 0.008 0.009
0 0.534 0.642 0.016 0.008
0 0.5675 0.6365 0.013 0.009
0 0.606 0.629 0.008 0.008
0 0.6145 0.6155 0.007 0.009
0 0.5905 0.6275 0.013 0.019
0 0.573 0.6195 0.01 0.011
0 0.5795 0.6185 0.007 0.009
0 0.63 0.651 0.014 0.014
0 0.5965 0.649 0.009 0.01
0 0.625 0.6395 0.01 0.013
0 0.639 0.6515 0.008 0.011
0 0.6755 0.709 0.013 0.014
0 0.715 0.6885 0.014 0.015
0 0.739 0.696 0.012 0.016
0 0.701 0.7125 0.01 0.013
0 0.696 0.702 0.008 0.008
0 0.71 0.7115 0.008 0.009
0 0.695 0.71 0.01 0.012
0 0.6665 0.6855 0.011 0.011
0 0.7225 0.712 0.013 0.01
0 0.7115 0.764 0.015 0.016
0 0.7165 0.75 0.007 0.008
0 0.7355 0.767 0.009 0.012
0 0.749 0.7485 0.012 0.007
0 0.744 0.74 0.008 0.006
0 0.759 0.7365 0.008 0.011
0 0.744 0.7455 0.008 0.011
0 0.751 0.738 0.01 0.01
0 0.732 0.728 0.012 0.01
0 0.7395 0.7275 0.009 0.009
0 0.746 0.7285 0.01 0.009
0 0.2415 0.347 0.009 0.012
0 0.2475 0.348 0.007 0.01
0 0.2475 0.3305 0.013 0.013
0 0.261 0.333 0.008 0.008
0 0.2635 0.3355 0.007 0.007
0 0.0225 0.285 0.015 0.02
0 0.0685 0.2945 0.011 0.013
0 0.0575 0.31 0.015 0.018
0 0.1525 0.3465 0.019 0.017
0 0.137 0.3265 0.016 0.017
0 0.1255 0.341 0.009 0.006
0 0.108 0.2885 0.016 0.023
0 0.0985 0.283 0.007 0.012
0 0.429 0.251 0.01 0.01
0 0.3625 0.268 0.011 0.014
0 0.4105 0.319 0.019 0.024
0 0.4775 0.3595 0.013 0.011
0 0.4495 0.3925 0.015 0.009
0 0.4515 0.369 0.009 0.01
0 0.459 0.3675 0.006 0.007
0 0.475 0.379 0.008 0.012
0 0.5185 0.3635 0.009 0.007
0 0.6055 0.4005 0.009 0.007
0 0.614 0.3755 0.008 0.005
0 0.625 0.375 0.006 0.006
0 0.547 0.367 0.008 0.008
0 0.5825 0.391 0.009 0.01
0 0.554 0.407 0.008 0.008
0 0.582 0.47 0.01 0.008
0 0.69 0.5085 0.016 0.013
0 0.765 0.497 0.014 0.008
0 0.77 0.5035 0.014 0.011
0 0.772 0.5085 0.01 0.007
0 0.7735 0.5205 0.009 0.007
0 0.7975 0.539 0.009 0.012
0 0.8245 0.573 0.011 0.01
0 0.8715 0.619 0.013 0.01
0 0.8785 0.6195 0.009 0.009
0 0.88 0.6235 0.008 0.007
0 0.865 0.5565 0.008 0.007
0 0.857 0.5525 0.012 0.011
0 0.845 0.555 0.016 0.01
0 0.8285 0.563 0.015 0.006
0 0.84 0.5625 0.016 0.009
0 0.8205 0.5555 0.015 0.011
0 0.8435 0.467 0.011 0.01
0 0.8845 0.4845 0.013 0.015
0 0.8265 0.4675 0.019 0.011
0 0.8485 0.4685 0.009 0.009
0 0.848 0.4965 0.012 0.009
0 0.8205 0.493 0.021 0.014
0 0.8295 0.4945 0.009 0.009
0 0.806 0.5 0.012 0.01
0 0.857 0.484 0.02 0.014
0 0.8925 0.48 0.009 0.008
0 0.9715 0.515 0.005 0.004
0 0.9645 0.5275 0.013 0.007
0 0.9585 0.4845 0.009 0.013
0 0.964 0.4895 0.008 0.011
0 0.9835 0.4905 0.009 0.015
0 0.9525 0.5015 0.013 0.011
0 0.937 0.52 0.012 0.008
0 0.934 0.525 0.014 0.01
0 0.9515 0.5295 0.007 0.005
0 0.906 0.5355 0.018 0.015
0 0.9565 0.5745 0.009 0.011
0 0.909 0.507 0.012 0.014
0 0.904 0.4545 0.012 0.011
0 0.9485 0.457 0.005 0.006
0 0.9875 0.423 0.021 0.016
0 0.9815 0.355 0.013 0.014
0 0.8235 0.3635 0.011 0.015
0 0.8385 0.355 0.007 0.008
0 0.8635 0.3415 0.011 0.013
0 0.8065 0.3475 0.015 0.013
0 0.753 0.398 0.008 0.01
0 0.73 0.3855 0.008 0.009
0 0.749 0.4035 0.008 0.007
0 0.6185 0.45 0.011 0.012
0 0.663 0.457 0.01 0.01
0 0.694 0.439 0.01 0.008
0 0.6545 0.4635 0.011 0.011
0 0.747 0.407 0.008 0.008
0 0.2075 0.576 0.013 0.012
0 0.2255 0.57 0.011 0.014
0 0.386 0.476 0.01 0.014
0 0.398 0.4775 0.012 0.017
0 0.373 0.477 0.01 0.01
0 0.3405 0.4595 0.011 0.011
0 0.574 0.8055 0.006 0.007
0 0.582 0.8305 0.016 0.011
0 0.583 0.819 0.016 0.018
0 0.568 0.7995 0.01 0.009
0 0.5525 0.815 0.017 0.02
0 0.4975 0.804 0.007 0.01
0 0.4945 0.797 0.009 0.01
0 0.4565 0.8215 0.009 0.009
0 0.4505 0.8135 0.011 0.011
0 0.503 0.844 0.01 0.014
0 0.509 0.8535 0.012 0.015
0 0.429 0.834 0.006 0.01
0 0.4045 0.7835 0.013 0.011
0 0.358 0.777 0.008 0.006
0 0.377 0.7835 0.01 0.013
0 0.371 0.808 0.012 0.01
0 0.3615 0.7805 0.009 0.007
0 0.3825 0.771 0.007 0.008
0 0.337 0.747 0.012 0.012
0 0.3615 0.7375 0.009 0.007
0 0.3705 0.7215 0.007 0.009
0 0.376 0.7315 0.006 0.009
0 0.387 0.6875 0.006 0.007
0 0.022 0.413 0.014 0.018
0 0.0265 0.4275 0.009 0.015
0 0.0305 0.433 0.011 0.02
0 0.0105 0.4495 0.011 0.015
0 0.021 0.39 0.012 0.014
0 0.03 0.387 0.012 0.014
0 0.0605 0.393 0.009 0.012
0 0.0435 0.4045 0.011 0.013
0 0.0545 0.3955 0.007 0.013
0 0.0255 0.3425 0.017 0.013
0 0.0225 0.3655 0.009 0.007
0 0.0345 0.3525 0.019 0.015
0 0.3445 0.56 0.009 0.008
0 0.35 0.5585 0.01 0.009
0 0.3645 0.5315 0.015 0.009
0 0.3595 0.5445 0.011 0.009
0 0.3275 0.5915 0.011 0.011
0 0.3305 0.5955 0.009 0.009
0 0.371 0.592 0.012 0.014
0 0.313 0.5445 0.008 0.009
0 0.338 0.555 0.01 0.01
0 0.3155 0.5685 0.011 0.009
0 0.3485 0.522 0.009 0.008
0 0.2485 0.279 0.013 0.014
0 0.2675 0.273 0.011 0.012
0 0.155 0.26 0.012 0.012
0 0.5315 0.591 0.013 0.01
0 0.5435 0.598 0.009 0.012
0 0.5415 0.6035 0.009 0.009
0 0.5345 0.596 0.011 0.008
0 0.4835 0.5495 0.013 0.013
0 0.0085 0.258 0.011 0.014
0 0.0195 0.2605 0.015 0.015
0 0.004 0.2235 0.006 0.005
0 0.017 0.2 0.012 0.012
0 0.006 0.202 0.008 0.012
0 0.055 0.181 0.014 0.01
0 0.0545 0.1675 0.015 0.009
0 0.3995 0.399 0.011 0.01
0 0.4085 0.4225 0.007 0.009
0 0.3985 0.424 0.013 0.01
0 0.427 0.416 0.008 0.006
0 0.249 0.6535 0.016 0.009
0 0.2515 0.7045 0.011 0.011
0 0.236 0.701 0.016 0.016
0 0.263 0.686 0.016 0.016
0 0.272 0.658 0.008 0.008
0 0.277 0.6805 0.01 0.009
0 0.2735 0.671 0.015 0.012
0 0.2975 0.654 0.007 0.006
0 0.3175 0.689 0.011 0.012
0 0.293 0.692 0.008 0.01
0 0.3325 0.645 0.013 0.01
0 0.3425 0.6475 0.009 0.009
0 0.316 0.595 0.012 0.012
0 0.34 0.6135 0.012 0.013
0 0.339 0.6255 0.01 0.009
0 0.437 0.6515 0.016 0.013
0 0.5025 0.4235 0.015 0.015
0 0.512 0.4255 0.01 0.007
0 0.5595 0.4295 0.013 0.011
0 0.4685 0.4225 0.009 0.009
0 0.5085 0.43 0.015 0.008
0 0.2935 0.981 0.011 0.01
0 0.296 0.972 0.008 0.01
0 0.2685 0.9785 0.011 0.011
0 0.276 0.981 0.008 0.012
0 0.2445 0.993 0.007 0.01
0 0.237 0.9925 0.01 0.011
0 0.2215 0.9945 0.007 0.009
0 0.2135 0.995 0.009 0.008
0 0.219 0.989 0.01 0.01
0 0.38 0.9735 0.012 0.011
0 0.377 0.9795 0.012 0.013
0 0.6485 0.639 0.011 0.012
0 0.6395 0.641 0.009 0.01
0 0.7125 0.655 0.007 0.006
0 0.699 0.658 0.008 0.006
0 0.6785 0.6485 0.007 0.007
0 0.676 0.6555 0.01 0.009
0 0.7025 0.645 0.005 0.006
0 0.567 0.658 0.012 0.01
0 0.581 0.653 0.01 0.01
0 0.585 0.66 0.01 0.008
0 0.59 0.661 0.014 0.01
0 0.518 0.666 0.008 0.008
0 0.442 0.6115 0.012 0.013
0 0.418 0.602 0.008 0.01
0 0.316 0.6005 0.012 0.007
0 0.332 0.5685 0.008 0.009
0 0.389 0.62 0.014 0.014
0 0.3945 0.625 0.011 0.01
0 0.382 0.628 0.014 0.012
0 0.3865 0.6315 0.013 0.013
0 0.3305 0.6115 0.015 0.015
0 0.3455 0.6045 0.013 0.013
0 0.3415 0.601 0.013 0.008
0 0.348 0.1585 0.02 0.015
0 0.3905 0.165 0.011 0.01
0 0.3505 0.201 0.013 0.008
0 0.3565 0.197 0.013 0.014
0 0.3275 0.251 0.011 0.014
0 0.317 0.222 0.012 0.014
0 0.3205 0.2375 0.011 0.013
0 0.2195 0.82 0.017 0.012
0 0.244 0.802 0.012 0.012
0 0.2355 0.8075 0.011 0.017
0 0.2205 0.799 0.011 0.008
0 0.2705 0.84 0.007 0.006
0 0.268 0.845 0.01 0.01
0 0.229 0.8315 0.012 0.013
0 0.3245 0.7455 0.011 0.011
0 0.3335 0.7595 0.009 0.011
0 0.314 0.7795 0.012 0.009
0 0.3225 0.7545 0.007 0.007
0 0.3195 0.8445 0.011 0.015
0 0.3955 0.829 0.013 0.01
0 0.3615 0.786 0.011 0.008
0 0.357 0.8025 0.008 0.009
0 0.3795 0.789 0.009 0.008
0 0.3865 0.787 0.009 0.01
0 0.3665 0.7915 0.007 0.009
0 0.357 0.7965 0.01 0.009
0 0.772 0.396 0.012 0.012
0 0.7865 0.4055 0.011 0.009
0 0.792 0.408 0.008 0.008
0 0.5795 0.081 0.013 0.012
0 0.5885 0.073 0.013 0.01
0 0.588 0.055 0.012 0.018
0 0.7265 0.117 0.009 0.01
0 0.5685 0.371 0.013 0.012
0 0.552 0.3815 0.01 0.011
0 0.6025 0.227 0.015 0.014
0 0.22 0.219 0.008 0.008
0 0.193 0.219 0.01 0.016
0 0.2275 0.2285 0.011 0.011
0 0.645 0.272 0.008 0.006
0 0.661 0.796 0.014 0.02
0 0.667 0.807 0.01 0.014
0 0.6525 0.817 0.013 0.012
0 0.6585 0.826 0.011 0.014
0 0.6485 0.825 0.009 0.01
0 0.033 0.7045 0.014 0.025
0 0.0525 0.7125 0.007 0.009
0 0.08 0.717 0.008 0.006
0 0.046 0.717 0.008 0.012
0 0.0065 0.77 0.011 0.016
0 0.031 0.8115 0.01 0.009
0 0.0375 0.822 0.011 0.012
0 0.03 0.8235 0.008 0.011
0 0.0385 0.814 0.009 0.01
0 0.06 0.8445 0.01 0.011
0 0.1165 0.867 0.013 0.01
0 0.1185 0.8735 0.013 0.007
0 0.1255 0.869 0.009 0.01
0 0.047 0.8795 0.014 0.017
0 0.023 0.86 0.01 0.008
0 0.0475 0.798 0.011 0.012
0 0.0685 0.798 0.011 0.014
0 0.0765 0.802 0.013 0.012
0 0.0735 0.7805 0.009 0.009
0 0.0505 0.788 0.011 0.012
0 0.011 0.804 0.006 0.008
0 0.028 0.8165 0.006 0.011
0 0.009 0.8105 0.008 0.007
0 0.007 0.828 0.004 0.006
0 0.0685 0.8335 0.013 0.013
0 0.0735 0.8415 0.011 0.013
0 0.7845 0.2915 0.023 0.015
0 0.7185 0.2365 0.011 0.009
0 0.953 0.265 0.016 0.018
0 0.931 0.2675 0.01 0.011
0 0.7275 0.3175 0.009 0.009
0 0.717 0.3195 0.008 0.011
0 0.1555 0.7175 0.015 0.015
0 0.1905 0.7165 0.013 0.011
0 0.1365 0.711 0.011 0.008
0 0.1325 0.715 0.009 0.008
0 0.167 0.696 0.014 0.01
0 0.8435 0.417 0.005 0.01
0 0.8425 0.433 0.011 0.016
0 0.808 0.4535 0.014 0.011
0 0.792 0.472 0.014 0.01
0 0.754 0.457 0.012 0.01
0 0.747 0.4435 0.01 0.011
0 0.7705 0.4185 0.011 0.007
0 0.714 0.457 0.012 0.008
0 0.7125 0.474 0.013 0.016
0 0.7285 0.481 0.007 0.01
0 0.5085 0.5655 0.017 0.015
0 0.382 0.5285 0.014 0.011
0 0.3655 0.5 0.009 0.01
0 0.375 0.484 0.006 0.01
0 0.4155 0.464 0.007 0.01
0 0.5785 0.942 0.011 0.012
0 0.5745 0.936 0.011 0.01
0 0.5415 0.943 0.013 0.012
0 0.5675 0.9785 0.011 0.019
0 0.52 0.975 0.008 0.018
0 0.549 0.9875 0.012 0.011
0 0.5435 0.992 0.011 0.01
0 0.599 0.985 0.01 0.014
0 0.608 0.969 0.014 0.014
0 0.651 0.9805 0.016 0.017
0 0.67 0.9865 0.008 0.009
0 0.6905 0.9585 0.009 0.013
0 0.6985 0.959 0.007 0.01
0 0.6955 0.967 0.011 0.01
0 0.63 0.9755 0.01 0.013
0 0.6045 0.9335 0.011 0.011
0 0.945 0.9295 0.024 0.019
0 0.9845 0.876 0.019 0.022
0 0.9905 0.3755 0.015 0.017
0 0.98 0.251 0.016 0.02
0 0.497 0.01 0.016 0.014
0 0.9485 0.0055 0.021 0.011
0 0.9925 0.26 0.013 0.02
0 0.994 0.303 0.01 0.016
0 0.6715 0.994 0.013 0.01
0 0.6425 0.995 0.017 0.008
0 0.992 0.9195 0.012 0.017
0 0.9905 0.9805 0.013 0.017
0 0.0995 0.63 0.023 0.02
0 0.059 0.6335 0.014 0.011
0 0.0705 0.631 0.021 0.016
0 0.404 0.5325 0.016 0.019
0 0.4565 0.641 0.025 0.022
0 0.4135 0.548 0.015 0.016
0 0.257 0.7585 0.018 0.019
0 0.2585 0.8985 0.017 0.017
0 0.4845 0.5 0.015 0.014
0 0.903 0.4965 0.018 0.017
0 0.5115 0.6785 0.019 0.023
0 0.486 0.6345 0.016 0.021
0 0.256 0.7825 0.02 0.019
0 0.062 0.586 0.016 0.018
0 0.6165 0.861 0.021 0.022
0 0.6315 0.8825 0.017 0.021
0 0.6065 0.8415 0.019 0.025
0 0.963 0.4625 0.018 0.021
0 0.691 0.454 0.022 0.018
0 0.5025 0.368 0.023 0.012
0 0.2175 0.8505 0.025 0.019
0 0.487 0.5325 0.018 0.017
0 0.5075 0.528 0.015 0.016
0 0.653 0.537 0.018 0.022
0 0.48 0.045 0.022 0.022
0 0.01 0.077 0.018 0.016
0 0.678 0.7485 0.01 0.011
0 0.6445 0.7345 0.011 0.011
0 0.6435 0.6835 0.013 0.011
0 0.4835 0.715 0.017 0.022
0 0.4735 0.754 0.011 0.012
0 0.4255 0.7815 0.013 0.017
0 0.3925 0.8105 0.013 0.011
0 0.332 0.8195 0.01 0.011
0 0.2425 0.895 0.017 0.018
