0 0.0945 0.014 0.031 0.026
0 0.045 0.0515 0.018 0.029
0 0.275 0.0365 0.012 0.013
0 0.2665 0.0595 0.023 0.019
0 0.4465 0.0745 0.019 0.027
0 0.392 0.119 0.026 0.024
0 0.424 0.091 0.018 0.022
0 0.405 0.0915 0.018 0.015
0 0.4415 0.103 0.009 0.012
0 0.3355 0.0595 0.019 0.027
0 0.216 0.13 0.016 0.016
0 0.1455 0.2565 0.013 0.013
0 0.106 0.2495 0.02 0.023
0 0.086 0.2485 0.012 0.021
0 0.103 0.2325 0.012 0.011
0 0.271 0.4785 0.018 0.023
0 0.311 0.4715 0.022 0.027
0 0.3495 0.492 0.021 0.026
0 0.3965 0.529 0.019 0.028
0 0.372 0.4595 0.024 0.017
0 0.416 0.4045 0.02 0.019
0 0.412 0.4645 0.022 0.023
0 0.491 0.4285 0.014 0.017
0 0.521 0.4625 0.022 0.023
0 0.5 0.522 0.022 0.02
0 0.48 0.5605 0.022 0.023
0 0.437 0.5935 0.016 0.027
0 0.412 0.609 0.02 0.022
0 0.4005 0.6315 0.021 0.019
0 0.4405 0.651 0.021 0.018
0 0.4295 0.6745 0.017 0.019
0 0.3945 0.703 0.019 0.018
0 0.4145 0.683 0.013 0.02
0 0.377 0.742 0.02 0.022
0 0.4045 0.7405 0.019 0.021
0 0.3575 0.8135 0.019 0.021
0 0.3365 0.803 0.023 0.022
0 0.2885 0.822 0.015 0.012
0 0.314 0.831 0.016 0.024
0 0.3715 0.966 0.021 0.024
0 0.395 0.9255 0.016 0.027
0 0.5295 0.901 0.023 0.018
0 0.531 0.9405 0.026 0.019
0 0.501 0.937 0.016 0.034
0 0.436 0.991 0.022 0.016
0 0.3005 0.908 0.017 0.016
0 0.321 0.905 0.022 0.022
0 0.199 0.9755 0.02 0.025
0 0.0365 0.9735 0.013 0.019
0 0.1275 0.9555 0.013 0.021
0 0.1865 0.8965 0.019 0.025
0 0.1305 0.8235 0.025 0.019
0 0.09 0.7575 0.026 0.021
0 0.0545 0.7335 0.015 0.023
0 0.113 0.577 0.022 0.026
0 0.068 0.6125 0.024 0.023
0 0.102 0.6085 0.012 0.017
0 0.0385 0.5145 0.021 0.021
0 0.1085 0.4705 0.021 0.023
0 0.1405 0.4515 0.025 0.025
0 0.1835 0.613 0.021 0.02
0 0.196 0.593 0.018 0.02
0 0.172 0.595 0.022 0.02
0 0.134 0.6355 0.02 0.023
0 0.094 0.6975 0.026 0.019
0 0.0955 0.6695 0.023 0.027
0 0.1285 0.689 0.023 0.022
0 0.1605 0.647 0.017 0.024
0 0.1745 0.6375 0.015 0.021
0 0.1535 0.677 0.023 0.024
0 0.149 0.723 0.014 0.022
0 0.161 0.762 0.018 0.024
0 0.178 0.791 0.02 0.018
0 0.149 0.8355 0.022 0.025
0 0.135 0.8675 0.022 0.025
0 0.396 0.8565 0.026 0.017
0 0.5005 0.809 0.023 0.02
0 0.488 0.829 0.016 0.02
0 0.6065 0.797 0.023 0.026
0 0.603 0.6795 0.022 0.023
0 0.5825 0.701 0.017 0.026
0 0.5415 0.696 0.021 0.022
0 0.641 0.6335 0.024 0.023
0 0.6145 0.5675 0.017 0.021
0 0.569 0.5185 0.018 0.023
0 0.568 0.467 0.022 0.018
0 0.613 0.4245 0.02 0.023
0 0.6045 0.468 0.021 0.02
0 0.665 0.5235 0.018 0.019
0 0.73 0.631 0.022 0.02
0 0.7405 0.689 0.017 0.018
0 0.7775 0.7435 0.021 0.023
0 0.79 0.779 0.018 0.026
0 0.7575 0.7815 0.019 0.019
0 0.8225 0.855 0.017 0.026
0 0.8295 0.935 0.019 0.026
0 0.8715 0.905 0.025 0.018
0 0.9315 0.8705 0.027 0.019
0 0.9595 0.9035 0.015 0.021
0 0.9765 0.9485 0.027 0.019
0 0.8625 0.9845 0.013 0.015
0 0.9125 0.933 0.011 0.022
0 0.024 0.131 0.016 0.02
0 0.485 0.015 0.012 0.018
0 0.6705 0.044 0.027 0.024
0 0.6995 0.0845 0.019 0.023
0 0.747 0.0845 0.02 0.021
0 0.8235 0.094 0.017 0.016
0 0.836 0.101 0.01 0.014
0 0.887 0.11 0.02 0.024
0 0.8735 0.093 0.013 0.018
0 0.8555 0.073 0.021 0.018
0 0.9835 0.0425 0.019 0.021
0 0.9565 0.0785 0.017 0.023
0 0.9225 0.121 0.021 0.018
0 0.857 0.1425 0.02 0.023
0 0.8605 0.167 0.019 0.022
0 0.8765 0.1495 0.021 0.025
0 0.764 0.167 0.022 0.018
0 0.749 0.233 0.024 0.02
0 0.768 0.2115 0.02 0.023
0 0.7915 0.2635 0.011 0.019
0 0.8095 0.2625 0.017 0.017
0 0.8275 0.2535 0.017 0.019
0 0.8495 0.224 0.017 0.032
0 0.876 0.2305 0.02 0.025
0 0.901 0.2435 0.022 0.021
0 0.882 0.2735 0.022 0.023
0 0.824 0.3275 0.018 0.023
0 0.823 0.2845 0.024 0.017
0 0.8125 0.302 0.021 0.022
0 0.78 0.2865 0.02 0.019
0 0.799 0.331 0.02 0.022
0 0.7285 0.311 0.017 0.02
0 0.6915 0.305 0.021 0.022
0 0.703 0.4295 0.018 0.021
0 0.714 0.443 0.018 0.016
0 0.723 0.4265 0.018 0.017
0 0.693 0.39 0.016 0.028
0 0.739 0.378 0.02 0.022
0 0.73 0.3995 0.02 0.021
0 0.7365 0.467 0.021 0.02
0 0.6815 0.498 0.021 0.022
0 0.6065 0.509 0.025 0.02
0 0.5775 0.534 0.021 0.02
0 0.5915 0.5465 0.021 0.015
0 0.5705 0.5695 0.021 0.017
0 0.5515 0.5495 0.023 0.017
0 0.4595 0.4535 0.015 0.017
0 0.4745 0.393 0.023 0.026
0 0.4385 0.3585 0.019 0.017
0 0.5 0.343 0.014 0.024
0 0.483 0.2075 0.016 0.017
0 0.5025 0.1795 0.021 0.025
0 0.5605 0.13 0.017 0.028
0 0.604 0.109 0.018 0.022
0 0.628 0.076 0.028 0.018
0 0.657 0.0815 0.02 0.023
0 0.739 0.0375 0.02 0.017
0 0.718 0.042 0.018 0.022
0 0.6995 0.059 0.023 0.02
0 0.7535 0.0155 0.019 0.019
0 0.767 0.021 0.02 0.024
0 0.803 0.055 0.022 0.018
0 0.833 0.0635 0.016 0.019
0 0.8495 0.0925 0.011 0.017
0 0.8765 0.069 0.015 0.022
0 0.8445 0.0345 0.017 0.017
0 0.812 0.026 0.02 0.02
0 0.8335 0.016 0.021 0.024
0 0.7245 0.1135 0.019 0.021
0 0.7505 0.1235 0.015 0.023
0 0.8195 0.1375 0.021 0.025
0 0.781 0.1385 0.022 0.017
0 0.9175 0.085 0.015 0.018
0 0.901 0.091 0.018 0.014
0 0.9405 0.0345 0.019 0.025
0 0.97 0.007 0.016 0.012
0 0.95 0.1325 0.016 0.015
0 0.9185 0.1425 0.017 0.017
0 0.9305 0.148 0.019 0.02
0 0.9075 0.195 0.019 0.018
0 0.973 0.1995 0.016 0.019
0 0.972 0.283 0.016 0.024
0 0.9085 0.356 0.015 0.02
0 0.887 0.382 0.02 0.024
0 0.92 0.393 0.022 0.018
0 0.9565 0.3625 0.021 0.019
0 0.9665 0.413 0.019 0.022
0 0.913 0.503 0.02 0.018
0 0.7805 0.4795 0.017 0.021
0 0.8175 0.467 0.019 0.02
0 0.7535 0.512 0.023 0.02
0 0.759 0.5475 0.018 0.021
0 0.7035 0.572 0.015 0.022
0 0.7365 0.602 0.013 0.022
0 0.7505 0.592 0.017 0.02
0 0.777 0.6025 0.022 0.019
0 0.7985 0.637 0.021 0.018
0 0.7765 0.645 0.017 0.02
0 0.794 0.6605 0.022 0.019
0 0.7935 0.6835 0.023 0.017
0 0.7305 0.7055 0.021 0.023
0 0.743 0.662 0.022 0.018
0 0.7595 0.6685 0.017 0.025
0 0.7685 0.694 0.019 0.016
0 0.687 0.721 0.02 0.024
0 0.682 0.7445 0.022 0.017
0 0.657 0.761 0.03 0.018
0 0.6235 0.71 0.019 0.026
0 0.606 0.723 0.018 0.018
0 0.5005 0.7205 0.027 0.021
0 0.4635 0.768 0.017 0.02
0 0.431 0.7705 0.018 0.025
0 0.3885 0.793 0.017 0.028
0 0.372 0.7995 0.02 0.027
0 0.228 0.774 0.022 0.02
0 0.1985 0.759 0.021 0.016
0 0.276 0.666 0.014 0.016
0 0.221 0.6155 0.03 0.025
0 0.23 0.532 0.02 0.02
0 0.209 0.576 0.018 0.022
0 0.23 0.481 0.016 0.022
0 0.2935 0.505 0.025 0.028
0 0.2765 0.4975 0.011 0.009
0 0.345 0.4315 0.02 0.021
0 0.2955 0.3345 0.021 0.021
0 0.42 0.2095 0.018 0.017
0 0.954 0.113 0.02 0.02
0 0.943 0.107 0.014 0.016
0 0.943 0.927 0.014 0.028
0 0.848 0.914 0.016 0.018
0 0.664 0.8965 0.018 0.023
0 0.6395 0.899 0.025 0.02
0 0.6185 0.83 0.019 0.026
0 0.644 0.819 0.022 0.022
0 0.624 0.855 0.018 0.02
0 0.6385 0.8635 0.017 0.021
0 0.6 0.908 0.02 0.014
0 0.667 0.867 0.02 0.026
0 0.595 0.9395 0.024 0.021
0 0.713 0.8385 0.02 0.025
0 0.6985 0.8595 0.017 0.023
0 0.846 0.786 0.024 0.014
0 0.857 0.7395 0.024 0.025
0 0.9305 0.7495 0.023 0.023
0 0.823 0.8195 0.024 0.019
0 0.8335 0.766 0.025 0.028
0 0.5965 0.839 0.021 0.02
0 0.4935 0.6135 0.019 0.023
0 0.428 0.544 0.02 0.016
0 0.424 0.563 0.02 0.016
0 0.3915 0.434 0.019 0.022
0 0.353 0.349 0.02 0.016
0 0.3055 0.279 0.021 0.034
0 0.3035 0.316 0.015 0.02
0 0.806 0.246 0.016 0.016
0 0.8175 0.4095 0.021 0.019
0 0.8395 0.4455 0.019 0.023
0 0.7765 0.4515 0.023 0.019
0 0.8075 0.5165 0.017 0.023
0 0.831 0.5005 0.02 0.021
0 0.7995 0.489 0.017 0.02
0 0.6605 0.3915 0.021 0.023
0 0.6265 0.4505 0.019 0.019
0 0.4975 0.775 0.023 0.026
0 0.947 0.8165 0.026 0.023
0 0.96 0.711 0.016 0.02
0 0.9365 0.7145 0.027 0.017
0 0.9615 0.651 0.019 0.026
0 0.8765 0.6835 0.019 0.027
0 0.854 0.69 0.02 0.022
0 0.801 0.7465 0.02 0.025
0 0.642 0.975 0.024 0.02
0 0.6065 0.9735 0.023 0.021
0 0.413 0.782 0.02 0.022
0 0.3035 0.6355 0.019 0.021
0 0.3415 0.6255 0.017 0.023
0 0.341 0.5725 0.018 0.023
0 0.6705 0.187 0.023 0.02
0 0.6035 0.26 0.023 0.026
0 0.6115 0.3285 0.021 0.021
0 0.6855 0.142 0.021 0.026
0 0.415 0.5295 0.014 0.021
0 0.3775 0.6375 0.017 0.015
0 0.4395 0.693 0.023 0.022
0 0.721 0.7985 0.016 0.027
0 0.9005 0.7965 0.021 0.021
0 0.869 0.566 0.018 0.02
0 0.914 0.5795 0.018 0.023
0 0.886 0.6 0.016 0.018
0 0.912 0.469 0.02 0.022
0 0.9385 0.5355 0.023 0.019
0 0.941 0.575 0.016 0.02
0 0.488 0.3645 0.016 0.021
0 0.429 0.3175 0.014 0.015
0 0.3425 0.3285 0.021 0.019
0 0.336 0.299 0.02 0.022
0 0.6275 0.2655 0.019 0.021
0 0.641 0.3325 0.022 0.021
0 0.6465 0.353 0.013 0.018
0 0.662 0.645 0.016 0.026
0 0.498 0.574 0.018 0.018
0 0.0935 0.5395 0.015 0.029
0 0.0975 0.0875 0.011 0.021
0 0.1705 0.276 0.019 0.022
0 0.373 0.093 0.012 0.014
0 0.388 0.087 0.01 0.024
0 0.5055 0.118 0.011 0.014
0 0.5545 0.1005 0.011 0.013
0 0.565 0.0805 0.024 0.027
0 0.7195 0.01 0.023 0.02
0 0.7345 0.2885 0.017 0.021
0 0.6785 0.266 0.015 0.016
0 0.686 0.284 0.012 0.02
0 0.6325 0.304 0.021 0.018
0 0.6365 0.234 0.019 0.02
0 0.647 0.1685 0.014 0.015
0 0.68 0.1055 0.016 0.023
0 0.8085 0.217 0.015 0.016
0 0.7725 0.24 0.013 0.016
0 0.7925 0.234 0.017 0.02
0 0.832 0.153 0.022 0.024
0 0.877 0.032 0.02 0.026
0 0.666 0.1645 0.016 0.017
0 0.67 0.304 0.018 0.02
0 0.5995 0.364 0.019 0.02
0 0.59 0.4055 0.024 0.019
0 0.5565 0.376 0.009 0.012
0 0.6485 0.1495 0.017 0.023
0 0.667 0.3285 0.018 0.021
0 0.587 0.336 0.018 0.024
0 0.5085 0.2805 0.023 0.023
0 0.6695 0.422 0.023 0.018
0 0.5915 0.4455 0.021 0.025
0 0.333 0.362 0.022 0.016
0 0.406 0.361 0.03 0.018
0 0.399 0.4935 0.022 0.025
0 0.288 0.6115 0.016 0.021
0 0.3155 0.6145 0.017 0.015
0 0.174 0.73 0.02 0.024
0 0.2545 0.8015 0.017 0.021
0 0.273 0.8065 0.018 0.023
0 0.309 0.868 0.02 0.022
0 0.2065 0.9145 0.025 0.023
0 0.082 0.7365 0.016 0.027
0 0.1275 0.715 0.021 0.022
0 0.0595 0.5445 0.019 0.023
0 0.4715 0.661 0.021 0.026
0 0.713 0.1305 0.018 0.017
0 0.718 0.2205 0.022 0.021
0 0.5015 0.2585 0.019 0.023
0 0.3875 0.2095 0.015 0.017
0 0.3705 0.209 0.017 0.016
0 0.5505 0.203 0.017 0.02
0 0.5705 0.1995 0.017 0.021
0 0.5525 0.227 0.019 0.026
0 0.5475 0.278 0.017 0.024
0 0.4285 0.3415 0.017 0.017
0 0.301 0.553 0.022 0.02
0 0.248 0.5445 0.028 0.017
0 0.3595 0.6565 0.017 0.017
0 0.2375 0.685 0.027 0.02
0 0.219 0.74 0.02 0.024
0 0.2585 0.781 0.023 0.014
0 0.057 0.161 0.024 0.036
0 0.169 0.5495 0.03 0.027
0 0.0915 0.503 0.019 0.026
0 0.052 0.782 0.036 0.026
0 0.0165 0.8495 0.021 0.019
0 0.1055 0.956 0.021 0.02
0 0.083 0.806 0.018 0.028
0 0.1865 0.828 0.011 0.012
0 0.114 0.9085 0.018 0.019
0 0.129 0.757 0.02 0.016
0 0.181 0.5055 0.018 0.017
0 0.3635 0.2945 0.017 0.015
0 0.414 0.287 0.024 0.022
0 0.4155 0.3055 0.025 0.017
0 0.3155 0.172 0.015 0.014
0 0.396 0.0135 0.018 0.025
0 0.3905 0.0335 0.021 0.019
0 0.506 0.1385 0.012 0.015
0 0.561 0.304 0.014 0.018
0 0.6495 0.2815 0.023 0.033
0 0.6325 0.285 0.011 0.012
0 0.623 0.2455 0.026 0.019
0 0.5825 0.2455 0.023 0.027
0 0.589 0.1985 0.014 0.015
0 0.6345 0.0095 0.017 0.017
0 0.7245 0.0675 0.021 0.033
0 0.741 0.0655 0.014 0.015
0 0.897 0.069 0.024 0.024
0 0.9325 0.0965 0.013 0.015
0 0.9755 0.1245 0.023 0.019
0 0.956 0.1745 0.012 0.017
0 0.9095 0.267 0.015 0.024
0 0.8785 0.313 0.017 0.026
0 0.786 0.3875 0.022 0.019
0 0.8115 0.35 0.021 0.022
0 0.843 0.318 0.018 0.022
0 0.8325 0.307 0.009 0.018
0 0.867 0.378 0.02 0.018
0 0.841 0.399 0.022 0.018
0 0.8015 0.403 0.021 0.024
0 0.7225 0.4955 0.029 0.021
0 0.6365 0.5175 0.023 0.019
0 0.7255 0.865 0.019 0.026
0 0.7375 0.874 0.021 0.024
0 0.8055 0.806 0.017 0.02
0 0.8095 0.7725 0.015 0.021
0 0.6915 0.6525 0.021 0.017
0 0.703 0.6415 0.018 0.017
0 0.652 0.5435 0.024 0.023
0 0.6655 0.588 0.023 0.016
0 0.6525 0.5025 0.015 0.021
0 0.5485 0.4035 0.013 0.023
0 0.5825 0.3695 0.019 0.019
0 0.479 0.3375 0.02 0.025
0 0.493 0.3055 0.012 0.019
0 0.2525 0.5845 0.023 0.021
0 0.2105 0.494 0.027 0.02
0 0.2085 0.468 0.025 0.018
0 0.496 0.502 0.024 0.02
0 0.575 0.4865 0.018 0.021
0 0.6055 0.5915 0.025 0.015
0 0.538 0.727 0.016 0.018
0 0.4925 0.7535 0.021 0.021
0 0.532 0.7485 0.022 0.021
0 0.5375 0.7855 0.019 0.015
0 0.5225 0.79 0.013 0.02
0 0.555 0.785 0.012 0.018
0 0.57 0.749 0.018 0.03
0 0.5855 0.7605 0.015 0.015
0 0.674 0.819 0.02 0.018
0 0.6365 0.7835 0.013 0.017
0 0.583 0.7815 0.022 0.019
0 0.438 0.863 0.016 0.014
0 0.437 0.838 0.012 0.012
0 0.371 0.8695 0.016 0.019
0 0.2375 0.9485 0.023 0.023
0 0.1595 0.8755 0.019 0.017
0 0.2035 0.8735 0.019 0.017
0 0.2015 0.782 0.021 0.026
0 0.228 0.798 0.026 0.024
0 0.169 0.8145 0.026 0.023
0 0.113 0.834 0.01 0.016
0 0.012 0.7155 0.022 0.025
0 0.047 0.664 0.03 0.018
0 0.0565 0.6395 0.027 0.021
0 0.0655 0.5715 0.027 0.019
0 0.0645 0.4695 0.025 0.019
0 0.2695 0.323 0.021 0.024
0 0.425 0.257 0.028 0.024
0 0.3895 0.3025 0.019 0.015
0 0.227 0.1805 0.024 0.025
0 0.5705 0.668 0.015 0.022
0 0.4865 0.679 0.017 0.022
0 0.5465 0.5285 0.023 0.019
0 0.558 0.497 0.02 0.02
0 0.6235 0.4935 0.023 0.021
0 0.631 0.472 0.02 0.024
0 0.64 0.43 0.018 0.018
0 0.661 0.447 0.016 0.026
0 0.688 0.4775 0.014 0.015
0 0.542 0.6405 0.014 0.019
0 0.5635 0.6975 0.021 0.025
0 0.56 0.901 0.024 0.026
0 0.6745 0.962 0.023 0.02
0 0.6585 0.9355 0.023 0.015
0 0.618 0.8785 0.024 0.021
0 0.5765 0.295 0.013 0.01
0 0.6415 0.102 0.019 0.018
0 0.6985 0.187 0.019 0.016
0 0.7355 0.2645 0.015 0.023
0 0.7225 0.2655 0.015 0.015
0 0.7195 0.245 0.023 0.024
0 0.7565 0.268 0.021 0.03
0 0.6645 0.3455 0.015 0.019
0 0.6855 0.3365 0.025 0.019
0 0.7055 0.322 0.027 0.018
0 0.61 0.5295 0.02 0.013
0 0.614 0.627 0.014 0.018
0 0.5935 0.6125 0.023 0.019
0 0.832 0.722 0.018 0.02
0 0.81 0.721 0.018 0.022
0 0.7855 0.716 0.023 0.022
0 0.7935 0.7035 0.019 0.017
0 0.852 0.624 0.012 0.014
0 0.8485 0.5455 0.017 0.025
0 0.835 0.564 0.022 0.022
0 0.8375 0.584 0.017 0.014
0 0.819 0.5895 0.022 0.023
0 0.8005 0.5735 0.019 0.021
0 0.786 0.548 0.018 0.012
0 0.752 0.4355 0.018 0.021
0 0.7515 0.199 0.015 0.022
0 0.7925 0.2045 0.019 0.023
0 0.839 0.1655 0.014 0.019
0 0.9465 0.018 0.033 0.02
0 0.9115 0.0195 0.021 0.019
0 0.914 0.0365 0.02 0.021
0 0.979 0.021 0.02 0.02
0 0.3935 0.382 0.019 0.028
0 0.452 0.5285 0.014 0.021
0 0.4595 0.5805 0.017 0.027
0 0.445 0.477 0.026 0.028
0 0.574 0.4305 0.02 0.025
0 0.6405 0.379 0.019 0.022
0 0.499 0.45 0.016 0.018
0 0.5245 0.4085 0.021 0.015
0 0.344 0.65 0.022 0.024
0 0.3715 0.707 0.019 0.024
0 0.391 0.6815 0.016 0.015
0 0.407 0.6585 0.018 0.027
0 0.49 0.4675 0.022 0.027
0 0.6085 0.172 0.027 0.022
0 0.7065 0.1145 0.017 0.015
0 0.9 0.295 0.02 0.022
0 0.918 0.2935 0.01 0.015
0 0.927 0.3695 0.016 0.023
0 0.988 0.393 0.018 0.02
0 0.99 0.3655 0.018 0.017
0 0.9625 0.3385 0.017 0.025
0 0.9525 0.276 0.017 0.018
0 0.952 0.293 0.018 0.018
0 0.6635 0.7335 0.025 0.027
0 0.5065 0.6825 0.017 0.025
0 0.6335 0.6565 0.019 0.021
0 0.744 0.4155 0.02 0.017
0 0.796 0.3695 0.024 0.019
0 0.792 0.361 0.018 0.026
0 0.718 0.296 0.016 0.022
0 0.7005 0.3605 0.021 0.019
0 0.7565 0.3415 0.023 0.025
0 0.736 0.354 0.03 0.024
0 0.6525 0.2285 0.015 0.021
0 0.867 0.454 0.02 0.018
0 0.883 0.4565 0.02 0.021
0 0.8855 0.5075 0.021 0.023
0 0.9435 0.4425 0.015 0.019
0 0.929 0.411 0.014 0.018
0 0.9435 0.5135 0.019 0.023
0 0.9825 0.4855 0.015 0.023
0 0.905 0.4085 0.022 0.017
0 0.875 0.4 0.022 0.014
0 0.9585 0.5785 0.015 0.019
0 0.9595 0.561 0.019 0.02
0 0.875 0.9465 0.02 0.019
0 0.8555 0.4315 0.023 0.021
0 0.8715 0.434 0.017 0.02
0 0.8845 0.4275 0.017 0.025
0 0.9035 0.4235 0.021 0.019
0 0.8525 0.4095 0.021 0.017
0 0.785 0.436 0.022 0.022
0 0.7865 0.4205 0.017 0.009
0 0.0325 0.379 0.015 0.024
0 0.078 0.531 0.012 0.016
0 0.1215 0.323 0.035 0.04
0 0.387 0.178 0.044 0.032
0 0.433 0.1475 0.01 0.013
0 0.3695 0.343 0.025 0.026
0 0.386 0.318 0.026 0.01
0 0.3945 0.342 0.019 0.022
0 0.4115 0.3345 0.021 0.017
0 0.43 0.375 0.02 0.016
0 0.4395 0.3945 0.015 0.017
0 0.577 0.6475 0.018 0.019
0 0.592 0.657 0.022 0.022
0 0.6325 0.6835 0.019 0.023
0 0.623 0.747 0.016 0.026
0 0.5325 0.8405 0.025 0.019
0 0.464 0.8675 0.03 0.017
0 0.4465 0.8075 0.017 0.025
0 0.451 0.819 0.016 0.018
0 0.4395 0.744 0.021 0.016
0 0.4735 0.6295 0.021 0.019
0 0.358 0.6145 0.024 0.021
0 0.336 0.551 0.014 0.02
0 0.1175 0.406 0.013 0.022
0 0.1795 0.409 0.019 0.018
0 0.1735 0.421 0.013 0.012
0 0.2425 0.44 0.015 0.014
0 0.255 0.4305 0.01 0.009
0 0.2465 0.4515 0.015 0.017
0 0.2635 0.4065 0.021 0.019
0 0.2245 0.3065 0.013 0.013
0 0.8435 0.8485 0.023 0.029
0 0.804 0.832 0.012 0.012
0 0.8465 0.808 0.027 0.026
0 0.874 0.8 0.016 0.022
0 0.8205 0.795 0.013 0.016
0 0.9875 0.7955 0.015 0.021
0 0.952 0.835 0.016 0.024
0 0.9365 0.85 0.025 0.018
0 0.797 0.944 0.018 0.018
0 0.8695 0.969 0.019 0.018
0 0.8525 0.968 0.015 0.018
0 0.705 0.925 0.012 0.016
0 0.7315 0.9165 0.017 0.011
0 0.7275 0.9345 0.023 0.025
0 0.716 0.9595 0.022 0.023
0 0.7455 0.9905 0.017 0.017
0 0.575 0.971 0.024 0.02
0 0.594 0.992 0.012 0.014
0 0.4635 0.943 0.023 0.034
0 0.458 0.908 0.012 0.008
0 0.3345 0.7185 0.025 0.015
0 0.146 0.699 0.016 0.024
0 0.201 0.718 0.016 0.014
0 0.115 0.7905 0.02 0.025
0 0.0615 0.806 0.025 0.024
0 0.4805 0.5995 0.013 0.021
0 0.3565 0.6315 0.019 0.015
0 0.389 0.605 0.018 0.028
0 0.395 0.5865 0.016 0.017
0 0.464 0.315 0.028 0.022
0 0.467 0.544 0.028 0.02
0 0.2045 0.6705 0.021 0.023
0 0.006 0.7445 0.012 0.023
0 0.014 0.5905 0.022 0.023
0 0.019 0.4365 0.024 0.035
0 0.0225 0.4905 0.027 0.027
0 0.011 0.5515 0.022 0.029
0 0.1385 0.1545 0.019 0.031
0 0.131 0.201 0.038 0.02
0 0.356 0.267 0.02 0.024
0 0.3725 0.4325 0.021 0.031
0 0.3345 0.4565 0.017 0.017
0 0.329 0.441 0.02 0.02
0 0.298 0.354 0.02 0.014
0 0.298 0.3675 0.014 0.015
0 0.214 0.1675 0.022 0.013
0 0.258 0.141 0.014 0.026
0 0.1605 0.147 0.021 0.028
0 0.294 0.8835 0.022 0.025
0 0.2905 0.7975 0.015 0.029
0 0.2725 0.7565 0.025 0.019
0 0.197 0.7325 0.02 0.017
0 0.2415 0.7455 0.011 0.011
0 0.207 0.6955 0.018 0.025
0 0.095 0.0725 0.014 0.017
0 0.2535 0.6205 0.019 0.031
0 0.2355 0.6275 0.017 0.019
0 0.3055 0.8075 0.013 0.023
0 0.256 0.857 0.016 0.018
0 0.2795 0.862 0.023 0.024
0 0.413 0.8285 0.022 0.021
0 0.454 0.731 0.028 0.028
0 0.4765 0.643 0.019 0.018
0 0.4775 0.5235 0.017 0.019
0 0.5105 0.425 0.019 0.022
0 0.523 0.3295 0.02 0.021
0 0.5255 0.6355 0.019 0.033
0 0.542 0.5725 0.026 0.025
0 0.592 0.567 0.018 0.02
0 0.429 0.396 0.012 0.018
0 0.335 0.516 0.026 0.026
0 0.324 0.5305 0.016 0.017
0 0.319 0.5435 0.016 0.019
0 0.2725 0.581 0.011 0.018
0 0.189 0.524 0.016 0.016
0 0.1175 0.5005 0.023 0.023
0 0.0925 0.567 0.017 0.026
0 0.036 0.725 0.012 0.024
0 0.044 0.7565 0.032 0.027
0 0.037 0.88 0.018 0.022
0 0.0525 0.8755 0.021 0.019
0 0.1085 0.6435 0.017 0.021
0 0.5335 0.228 0.019 0.028
0 0.556 0.2475 0.02 0.019
0 0.5805 0.3175 0.017 0.013
0 0.1795 0.33 0.035 0.026
0 0.2125 0.6445 0.019 0.023
0 0.3225 0.8515 0.015 0.013
0 0.3405 0.9105 0.017 0.013
0 0.541 0.4355 0.02 0.025
0 0.5595 0.65 0.015 0.022
0 0.5965 0.8625 0.029 0.021
0 0.647 0.916 0.022 0.018
0 0.6245 0.9295 0.025 0.023
0 0.58 0.916 0.018 0.02
0 0.6025 0.2845 0.023 0.017
0 0.5635 0.183 0.031 0.018
0 0.5375 0.13 0.021 0.022
0 0.735 0.17 0.028 0.024
0 0.81 0.187 0.018 0.018
0 0.852 0.2595 0.02 0.023
0 0.839 0.268 0.014 0.014
0 0.8815 0.345 0.015 0.018
0 0.8585 0.339 0.039 0.032
0 0.754 0.4895 0.022 0.015
0 0.8115 0.537 0.023 0.02
0 0.928 0.5505 0.016 0.019
0 0.988 0.559 0.018 0.024
0 0.944 0.621 0.028 0.028
0 0.769 0.5825 0.022 0.021
0 0.78 0.565 0.016 0.018
0 0.245 0.1775 0.018 0.031
0 0.1855 0.486 0.017 0.02
0 0.449 0.137 0.02 0.022
0 0.476 0.1515 0.026 0.013
0 0.506 0.3765 0.022 0.019
0 0.9335 0.289 0.015 0.032
0 0.8875 0.3325 0.011 0.013
0 0.95 0.317 0.022 0.03
0 0.8035 0.1115 0.023 0.025
0 0.7465 0.148 0.021 0.014
0 0.7815 0.106 0.017 0.018
0 0.7735 0.125 0.017 0.018
0 0.716 0.1485 0.016 0.015
0 0.699 0.155 0.012 0.012
0 0.7005 0.166 0.029 0.02
0 0.6305 0.15 0.017 0.022
0 0.6335 0.125 0.015 0.022
0 0.651 0.1115 0.018 0.015
0 0.5955 0.078 0.023 0.018
0 0.435 0.025 0.022 0.02
0 0.223 0.5155 0.024 0.025
0 0.139 0.658 0.03 0.016
0 0.1265 0.104 0.011 0.018
0 0.8995 0.7685 0.025 0.027
0 0.955 0.7445 0.024 0.023
0 0.8815 0.647 0.013 0.02
0 0.954 0.5975 0.012 0.017
0 0.9675 0.3865 0.021 0.023
0 0.9025 0.3775 0.011 0.017
0 0.4625 0.604 0.013 0.02
0 0.457 0.6095 0.014 0.019
0 0.618 0.3555 0.022 0.025
0 0.7075 0.47 0.029 0.026
0 0.7365 0.541 0.025 0.02
0 0.7345 0.5205 0.017 0.023
0 0.825 0.9095 0.024 0.019
0 0.7585 0.881 0.021 0.018
0 0.681 0.9465 0.028 0.021
0 0.5425 0.513 0.025 0.022
0 0.8945 0.8965 0.011 0.013
0 0.9115 0.9905 0.017 0.017
0 0.969 0.9745 0.014 0.013
0 0.7005 0.759 0.017 0.016
0 0.7195 0.749 0.025 0.022
0 0.7025 0.7095 0.015 0.023
0 0.718 0.677 0.018 0.02
0 0.689 0.673 0.016 0.02
0 0.702 0.688 0.028 0.018
0 0.724 0.6455 0.024 0.011
0 0.6835 0.7945 0.021 0.027
0 0.7515 0.8525 0.015 0.017
0 0.751 0.827 0.03 0.022
0 0.8625 0.519 0.019 0.024
0 0.907 0.5435 0.022 0.025
0 0.786 0.6185 0.018 0.017
0 0.8635 0.607 0.017 0.02
0 0.937 0.6795 0.018 0.017
0 0.958 0.881 0.016 0.016
0 0.9675 0.8695 0.015 0.019
0 0.831 0.6995 0.018 0.021
0 0.811 0.697 0.016 0.018
0 0.397 0.5625 0.022 0.025
0 0.174 0.98 0.022 0.022
0 0.209 0.936 0.026 0.026
0 0.2915 0.766 0.017 0.02
0 0.5275 0.9785 0.019 0.017
0 0.7525 0.761 0.027 0.018
0 0.819 0.7435 0.012 0.013
0 0.8725 0.7695 0.019 0.023
0 0.9295 0.1865 0.015 0.011
0 0.9685 0.18 0.017 0.014
0 0.97 0.0915 0.014 0.013
0 0.2335 0.663 0.031 0.022
0 0.1175 0.08 0.025 0.03
0 0.303 0.078 0.022 0.034
0 0.3625 0.1295 0.017 0.021
0 0.5055 0.4825 0.015 0.019
0 0.3425 0.596 0.023 0.016
0 0.3605 0.59 0.019 0.018
0 0.52 0.542 0.014 0.016
0 0.435 0.528 0.014 0.014
0 0.2685 0.3565 0.013 0.017
0 0.5155 0.0675 0.021 0.011
0 0.358 0.054 0.016 0.01
0 0.323 0.0265 0.01 0.013
0 0.024 0.2415 0.032 0.029
0 0.0435 0.2165 0.019 0.021
0 0.2235 0.216 0.025 0.024
0 0.195 0.8 0.008 0.008
0 0.238 0.8605 0.018 0.013
0 0.239 0.84 0.024 0.022
0 0.1145 0.879 0.017 0.018
0 0.08 0.89 0.016 0.018
0 0.098 0.924 0.016 0.022
0 0.053 0.852 0.02 0.014
0 0.146 0.7765 0.018 0.023
0 0.1245 0.808 0.017 0.014
0 0.106 0.192 0.022 0.016
0 0.0295 0.017 0.019 0.03
0 0.253 0.045 0.02 0.02
0 0.303 0.01 0.014 0.016
0 0.4555 0.028 0.017 0.022
0 0.535 0.308 0.014 0.02
0 0.5215 0.3865 0.013 0.017
0 0.544 0.6105 0.02 0.019
0 0.651 0.5675 0.02 0.021
0 0.6295 0.5375 0.013 0.015
0 0.7105 0.5205 0.021 0.019
0 0.6985 0.5285 0.019 0.017
0 0.6285 0.6035 0.023 0.021
0 0.679 0.596 0.018 0.022
0 0.543 0.6755 0.02 0.017
0 0.2755 0.7345 0.011 0.015
0 0.3225 0.7395 0.025 0.015
0 0.3065 0.77 0.011 0.02
0 0.357 0.73 0.018 0.01
0 0.317 0.704 0.01 0.02
0 0.265 0.635 0.018 0.018
0 0.4075 0.7165 0.021 0.023
0 0.6085 0.894 0.025 0.014
0 0.654 0.965 0.018 0.018
0 0.554 0.991 0.026 0.016
0 0.576 0.99 0.024 0.018
0 0.5275 0.9925 0.019 0.013
0 0.4605 0.85 0.021 0.014
0 0.147 0.586 0.012 0.016
0 0.0925 0.891 0.015 0.024
0 0.1095 0.864 0.019 0.024
0 0.515 0.58 0.02 0.042
0 0.4295 0.5075 0.019 0.019
0 0.3635 0.5045 0.019 0.023
0 0.298 0.4565 0.014 0.021
0 0.0465 0.0935 0.013 0.023
0 0.0215 0.0625 0.019 0.041
0 0.0545 0.025 0.017 0.032
0 0.396 0.233 0.016 0.014
0 0.3785 0.277 0.019 0.022
0 0.569 0.0145 0.028 0.027
0 0.6915 0.0055 0.013 0.009
0 0.7735 0.049 0.023 0.02
0 0.8 0.01 0.02 0.016
0 0.7865 0.038 0.015 0.02
0 0.8005 0.1345 0.009 0.017
0 0.676 0.2025 0.02 0.017
0 0.6155 0.3975 0.017 0.015
0 0.6265 0.3885 0.015 0.025
0 0.7515 0.6205 0.011 0.017
0 0.8185 0.6285 0.015 0.011
0 0.8275 0.6375 0.017 0.019
0 0.9015 0.65 0.013 0.016
0 0.929 0.6545 0.018 0.023
0 0.91 0.6625 0.02 0.019
0 0.9165 0.686 0.017 0.018
0 0.991 0.624 0.016 0.018
0 0.9895 0.5295 0.019 0.023
0 0.9945 0.502 0.009 0.014
0 0.962 0.453 0.018 0.022
0 0.937 0.46 0.01 0.008
0 0.952 0.4575 0.008 0.013
0 0.9915 0.42 0.015 0.02
0 0.914 0.3745 0.008 0.011
0 0.9445 0.406 0.011 0.02
0 0.9395 0.3785 0.011 0.023
0 0.7735 0.3265 0.015 0.019
0 0.773 0.3535 0.012 0.015
0 0.721 0.3805 0.008 0.019
0 0.904 0.1765 0.01 0.017
0 0.914 0.1705 0.012 0.023
0 0.2235 0.568 0.013 0.016
0 0.911 0.9675 0.026 0.025
0 0.9935 0.3155 0.011 0.021
0 0.984 0.3415 0.016 0.017
0 0.9315 0.1715 0.015 0.013
0 0.8795 0.171 0.013 0.014
0 0.7745 0.071 0.009 0.014
0 0.994 0.931 0.01 0.024
0 0.994 0.962 0.01 0.016
0 0.9605 0.934 0.015 0.012
0 0.92 0.888 0.024 0.02
0 0.881 0.928 0.014 0.016
0 0.803 0.962 0.024 0.022
0 0.781 0.9485 0.01 0.011
0 0.894 0.855 0.012 0.016
0 0.957 0.767 0.028 0.02
0 0.9745 0.6705 0.021 0.021
0 0.946 0.697 0.014 0.012
0 0.9895 0.6805 0.015 0.013
0 0.9205 0.625 0.017 0.02
0 0.9365 0.5945 0.017 0.015
0 0.9205 0.6075 0.019 0.023
0 0.7475 0.7265 0.019 0.019
0 0.788 0.9175 0.02 0.019
0 0.79 0.892 0.008 0.014
0 0.775 0.8495 0.018 0.015
0 0.6185 0.6525 0.019 0.023
0 0.657 0.4735 0.012 0.017
0 0.645 0.452 0.012 0.022
0 0.5465 0.4725 0.011 0.013
0 0.4115 0.075 0.019 0.016
0 0.2405 0.293 0.017 0.026
0 0.2485 0.881 0.015 0.022
0 0.267 0.8915 0.03 0.023
0 0.2805 0.9905 0.017 0.017
0 0.2585 0.9845 0.015 0.021
0 0.327 0.946 0.022 0.02
0 0.335 0.961 0.02 0.02
0 0.391 0.9 0.018 0.018
0 0.095 0.3425 0.026 0.029
0 0.127 0.2905 0.02 0.021
0 0.172 0.9105 0.012 0.019
0 0.0215 0.9905 0.019 0.017
0 0.059 0.9885 0.024 0.021
0 0.229 0.075 0.016 0.024
0 0.302 0.1925 0.008 0.015
0 0.4475 0.4225 0.011 0.015
0 0.747 0.315 0.024 0.028
0 0.6785 0.317 0.013 0.012
0 0.77 0.3135 0.02 0.019
0 0.794 0.467 0.016 0.018
0 0.8195 0.4855 0.013 0.015
0 0.991 0.841 0.016 0.02
0 0.9855 0.858 0.015 0.014
0 0.992 0.8715 0.014 0.021
0 0.994 0.899 0.01 0.022
0 0.7555 0.908 0.019 0.01
0 0.427 0.8165 0.014 0.027
0 0.8915 0.0375 0.019 0.033
0 0.956 0.2065 0.012 0.019
0 0.9885 0.1915 0.015 0.015
0 0.873 0.541 0.014 0.018
0 0.9175 0.484 0.023 0.016
0 0.947 0.4805 0.01 0.015
0 0.8545 0.6055 0.011 0.011
0 0.9145 0.732 0.021 0.024
0 0.995 0.7415 0.008 0.021
0 0.6795 0.5675 0.021 0.021
0 0.3285 0.69 0.019 0.032
0 0.3755 0.6835 0.011 0.017
0 0.767 0.1095 0.014 0.021
0 0.9385 0.2495 0.023 0.035
0 0.9785 0.152 0.019 0.024
0 0.087 0.133 0.01 0.012
0 0.253 0.092 0.01 0.01
0 0.523 0.3575 0.012 0.011
0 0.9945 0.584 0.009 0.014
0 0.986 0.579 0.006 0.01
0 0.5335 0.2835 0.011 0.017
0 0.646 0.841 0.022 0.018
0 0.344 0.972 0.024 0.022
0 0.7055 0.91 0.011 0.01
0 0.7155 0.9065 0.013 0.009
0 0.2655 0.4365 0.021 0.011
0 0.25 0.4795 0.006 0.007
0 0.339 0.4115 0.024 0.023
0 0.627 0.212 0.02 0.02
0 0.9945 0.097 0.009 0.02
0 0.9795 0.105 0.011 0.018
0 0.9345 0.2155 0.031 0.039
0 0.695 0.259 0.012 0.012
0 0.7875 0.528 0.023 0.024
0 0.1555 0.9845 0.017 0.021
0 0.154 0.9655 0.014 0.011
0 0.058 0.9285 0.02 0.021
0 0.12 0.382 0.02 0.018
0 0.255 0.1105 0.026 0.015
0 0.5335 0.1935 0.013 0.015
0 0.5195 0.1945 0.015 0.015
0 0.0235 0.958 0.015 0.022
0 0.899 0.925 0.012 0.02
0 0.9025 0.9505 0.021 0.015
0 0.9825 0.893 0.009 0.012
0 0.5695 0.3565 0.009 0.011
0 0.532 0.3655 0.008 0.009
0 0.19 0.339 0.01 0.014
0 0.205 0.3295 0.02 0.015
0 0.1815 0.84 0.013 0.016
0 0.8965 0.4885 0.013 0.013
0 0.77 0.8595 0.012 0.015
0 0.6645 0.7855 0.017 0.017
0 0.8925 0.0055 0.015 0.009
0 0.938 0.059 0.008 0.012
0 0.13 0.1365 0.018 0.029
0 0.0815 0.6495 0.023 0.045
0 0.063 0.695 0.016 0.02
0 0.004 0.789 0.008 0.026
0 0.1105 0.9865 0.011 0.011
0 0.119 0.9795 0.01 0.011
0 0.1785 0.9965 0.015 0.005
0 0.302 0.9855 0.018 0.015
0 0.365 0.855 0.014 0.016
0 0.444 0.8775 0.014 0.011
0 0.4825 0.8545 0.013 0.009
0 0.4815 0.893 0.013 0.012
0 0.4785 0.907 0.017 0.02
0 0.4135 0.814 0.015 0.016
0 0.4 0.7975 0.006 0.011
0 0.3735 0.772 0.013 0.014
0 0.321 0.6715 0.022 0.019
0 0.303 0.6555 0.02 0.021
0 0.1625 0.5335 0.017 0.017
0 0.2105 0.538 0.011 0.014
0 0.4985 0.025 0.019 0.01
0 0.794 0.0305 0.014 0.019
0 0.8175 0.0465 0.025 0.015
0 0.6895 0.4155 0.009 0.011
0 0.683 0.517 0.01 0.008
0 0.406 0.8695 0.008 0.009
0 0.067 0.7215 0.008 0.011
0 0.077 0.6825 0.01 0.013
0 0.1135 0.2815 0.015 0.011
0 0.3625 0.0845 0.021 0.031
0 0.365 0.1145 0.014 0.009
0 0.7065 0.7865 0.013 0.019
0 0.855 0.672 0.018 0.012
0 0.858 0.582 0.012 0.02
0 0.919 0.561 0.01 0.008
0 0.9845 0.6375 0.009 0.009
0 0.898 0.7315 0.008 0.015
0 0.9295 0.7855 0.015 0.015
0 0.932 0.8025 0.014 0.011
0 0.659 0.363 0.014 0.016
0 0.533 0.3915 0.016 0.015
0 0.5415 0.378 0.011 0.014
0 0.5915 0.384 0.015 0.012
0 0.6485 0.0415 0.011 0.009
0 0.6615 0.013 0.011 0.02
0 0.757 0.04 0.01 0.014
0 0.798 0.083 0.02 0.016
0 0.871 0.1295 0.01 0.009
0 0.963 0.101 0.008 0.01
0 0.9875 0.272 0.011 0.016
0 0.9935 0.287 0.011 0.024
0 0.975 0.358 0.01 0.014
0 0.755 0.2965 0.014 0.015
0 0.6625 0.2095 0.009 0.011
0 0.268 0.2135 0.014 0.013
0 0.332 0.182 0.014 0.02
0 0.3235 0.223 0.015 0.026
0 0.158 0.3005 0.008 0.009
0 0.1245 0.0395 0.017 0.025
0 0.1155 0.055 0.021 0.024
0 0.0795 0.0725 0.015 0.021
0 0.2395 0.0625 0.011 0.009
0 0.3105 0.037 0.009 0.01
0 0.3605 0.025 0.009 0.014
0 0.3675 0.0095 0.013 0.017
0 0.483 0.2775 0.012 0.017
0 0.445 0.2635 0.016 0.017
0 0.4625 0.2685 0.011 0.013
0 0.4685 0.2785 0.017 0.015
0 0.836 0.0835 0.012 0.013
0 0.904 0.048 0.016 0.012
0 0.949 0.056 0.01 0.014
0 0.9245 0.0075 0.017 0.013
0 0.0105 0.298 0.011 0.014
0 0.006 0.1375 0.012 0.017
0 0.202 0.446 0.012 0.014
0 0.1825 0.4425 0.027 0.019
0 0.234 0.7175 0.02 0.013
0 0.2615 0.6845 0.009 0.009
0 0.205 0.807 0.006 0.008
0 0.2965 0.951 0.015 0.026
0 0.3935 0.755 0.011 0.008
0 0.446 0.7655 0.01 0.019
0 0.529 0.7135 0.014 0.017
0 0.472 0.6995 0.016 0.021
0 0.513 0.6475 0.01 0.011
0 0.196 0.099 0.038 0.024
0 0.163 0.117 0.042 0.038
0 0.012 0.025 0.016 0.038
0 0.136 0.181 0.036 0.02
0 0.1085 0.172 0.027 0.026
0 0.164 0.2275 0.022 0.045
0 0.0185 0.319 0.019 0.04
0 0.029 0.3295 0.02 0.041
0 0.06 0.2395 0.014 0.031
0 0.089 0.304 0.022 0.036
0 0.212 0.346 0.02 0.022
0 0.223 0.39 0.028 0.02
0 0.3085 0.4265 0.037 0.035
0 0.2695 0.955 0.023 0.03
0 0.424 0.8985 0.034 0.027
0 0.5445 0.805 0.033 0.012
0 0.5635 0.829 0.017 0.042
0 0.739 0.7975 0.018 0.031
0 0.7425 0.8995 0.027 0.015
0 0.7585 0.9185 0.021 0.017
0 0.863 0.9335 0.012 0.025
0 0.867 0.8295 0.02 0.023
0 0.8315 0.681 0.025 0.018
0 0.8885 0.536 0.019 0.018
0 0.698 0.611 0.034 0.032
0 0.8215 0.6635 0.013 0.021
0 0.9095 0.838 0.019 0.026
0 0.837 0.898 0.026 0.01
0 0.7985 0.8775 0.015 0.013
0 0.3255 0.4815 0.029 0.023
0 0.372 0.5185 0.018 0.025
0 0.2295 0.0335 0.035 0.019
0 0.2425 0.5645 0.031 0.021
0 0.258 0.573 0.01 0.014
0 0.3185 0.587 0.021 0.034
0 0.2955 0.597 0.009 0.008
0 0.282 0.571 0.01 0.014
0 0.771 0.806 0.02 0.016
0 0.789 0.972 0.022 0.03
0 0.886 0.8485 0.018 0.017
0 0.923 0.065 0.026 0.024
0 0.0395 0.2615 0.023 0.019
0 0.9805 0.9855 0.027 0.019
0 0.945 0.9885 0.022 0.017
0 0.907 0.8625 0.016 0.017
0 0.929 0.8385 0.018 0.013
0 0.882 0.5765 0.026 0.031
0 0.9305 0.508 0.015 0.024
0 0.8935 0.351 0.013 0.022
0 0.968 0.1485 0.014 0.021
0 0.805 0.175 0.03 0.022
0 0.7375 0.1985 0.019 0.023
0 0.7265 0.7705 0.029 0.017
0 0.4705 0.703 0.023 0.054
0 0.1375 0.9115 0.025 0.017
0 0.048 0.9495 0.018 0.023
0 0.289 0.9665 0.032 0.023
0 0.0055 0.6665 0.011 0.027
0 0.003 0.6395 0.006 0.017
0 0.0715 0.5055 0.013 0.017
0 0.035 0.4595 0.024 0.041
0 0.1295 0.4135 0.017 0.023
0 0.148 0.3795 0.014 0.023
0 0.075 0.089 0.012 0.014
0 0.2435 0.009 0.033 0.018
0 0.324 0.127 0.014 0.018
0 0.425 0.0675 0.018 0.017
0 0.476 0.049 0.012 0.012
0 0.3865 0.26 0.015 0.012
0 0.4055 0.272 0.015 0.022
0 0.4705 0.516 0.017 0.02
0 0.519 0.487 0.01 0.018
0 0.4775 0.455 0.021 0.026
0 0.3775 0.4775 0.029 0.015
0 0.427 0.4735 0.022 0.023
0 0.414 0.503 0.014 0.03
0 0.448 0.5695 0.01 0.013
0 0.228 0.9855 0.026 0.027
0 0.2745 0.11 0.011 0.022
0 0.301 0.105 0.014 0.02
0 0.2405 0.375 0.015 0.022
0 0.444 0.0475 0.014 0.013
0 0.3285 0.1605 0.015 0.019
0 0.5435 0.8595 0.015 0.019
0 0.566 0.8615 0.026 0.023
0 0.533 0.821 0.016 0.018
0 0.938 0.7615 0.012 0.011
0 0.9235 0.767 0.009 0.006
0 0.94 0.7695 0.016 0.015
0 0.9105 0.7805 0.011 0.011
0 0.862 0.764 0.012 0.02
0 0.956 0.781 0.018 0.01
0 0.9675 0.7945 0.009 0.013
0 0.8885 0.809 0.011 0.018
0 0.2605 0.7 0.013 0.016
0 0.2435 0.7315 0.017 0.013
0 0.341 0.383 0.028 0.034
0 0.829 0.536 0.012 0.022
0 0.4895 0.9745 0.019 0.017
0 0.7265 0.135 0.007 0.014
