0 0.0155 0.076 0.031 0.03
0 0.061 0.0785 0.016 0.017
0 0.048 0.0415 0.032 0.029
0 0.153 0.106 0.026 0.038
0 0.193 0.0575 0.032 0.033
0 0.207 0.1115 0.026 0.027
0 0.2845 0.0725 0.033 0.011
0 0.3285 0.1295 0.045 0.031
0 0.04 0.1055 0.034 0.029
0 0.098 0.131 0.024 0.054
0 0.1405 0.158 0.025 0.054
0 0.034 0.168 0.026 0.032
0 0.243 0.309 0.032 0.06
0 0.276 0.328 0.026 0.052
0 0.3245 0.0175 0.027 0.029
0 0.2975 0.0365 0.031 0.033
0 0.3525 0.068 0.035 0.034
0 0.363 0.0985 0.038 0.027
0 0.3535 0.11 0.039 0.03
0 0.552 0.0395 0.062 0.045
0 0.5145 0.15 0.033 0.032
0 0.4625 0.131 0.029 0.02
0 0.3945 0.121 0.031 0.02
0 0.4055 0.147 0.033 0.022
0 0.366 0.146 0.042 0.022
0 0.3735 0.2005 0.035 0.029
0 0.3705 0.2505 0.023 0.037
0 0.1095 0.3295 0.031 0.029
0 0.139 0.3475 0.022 0.021
0 0.1135 0.3615 0.031 0.037
0 0.04 0.438 0.038 0.036
0 0.1945 0.3805 0.023 0.015
0 0.169 0.4245 0.034 0.033
0 0.1005 0.4875 0.019 0.021
0 0.145 0.2195 0.022 0.053
0 0.3115 0.3175 0.029 0.071
0 0.11 0.4105 0.038 0.025
0 0.0375 0.4045 0.055 0.045
0 0.0985 0.389 0.049 0.022
0 0.07 0.3605 0.038 0.031
0 0.0115 0.4335 0.015 0.039
0 0.049 0.474 0.04 0.018
0 0.042 0.5375 0.04 0.083
0 0.076 0.6015 0.042 0.053
0 0.0185 0.6275 0.033 0.029
0 0.042 0.654 0.032 0.042
0 0.2305 0.5745 0.039 0.039
0 0.1795 0.5755 0.031 0.023
0 0.239 0.641 0.05 0.05
0 0.1275 0.6155 0.031 0.049
0 0.1075 0.6685 0.049 0.081
0 0.067 0.802 0.03 0.062
0 0.099 0.781 0.026 0.032
0 0.094 0.823 0.062 0.074
0 0.1405 0.869 0.023 0.022
0 0.124 0.8305 0.026 0.053
0 0.108 0.8985 0.028 0.029
0 0.0555 0.9195 0.031 0.037
0 0.0905 0.9295 0.031 0.029
0 0.17 0.976 0.014 0.018
0 0.243 0.963 0.042 0.042
0 0.233 0.947 0.056 0.052
0 0.2205 0.9355 0.037 0.039
0 0.3225 0.965 0.035 0.042
0 0.2985 0.927 0.011 0.014
0 0.2455 0.8975 0.053 0.047
0 0.285 0.8955 0.04 0.033
0 0.3435 0.8985 0.029 0.037
0 0.384 0.9645 0.042 0.037
0 0.439 0.935 0.068 0.018
0 0.3955 0.848 0.041 0.026
0 0.3755 0.8825 0.039 0.021
0 0.4125 0.8835 0.051 0.029
0 0.4285 0.8625 0.025 0.011
0 0.202 0.451 0.034 0.03
0 0.1605 0.797 0.053 0.042
0 0.225 0.817 0.044 0.058
0 0.238 0.791 0.04 0.042
0 0.1765 0.839 0.045 0.08
0 0.149 0.8345 0.024 0.029
0 0.171 0.747 0.058 0.026
0 0.21 0.7545 0.02 0.013
0 0.299 0.6785 0.026 0.041
0 0.262 0.695 0.054 0.038
0 0.317 0.7465 0.02 0.049
0 0.1885 0.6435 0.017 0.019
0 0.182 0.7125 0.028 0.025
0 0.2355 0.722 0.033 0.042
0 0.163 0.6735 0.026 0.027
0 0.288 0.615 0.042 0.062
0 0.317 0.585 0.038 0.03
0 0.279 0.5675 0.026 0.025
0 0.1365 0.457 0.065 0.062
0 0.21 0.4975 0.034 0.029
0 0.1575 0.5085 0.059 0.041
0 0.163 0.534 0.082 0.056
0 0.242 0.47 0.018 0.018
0 0.255 0.528 0.018 0.03
0 0.2515 0.4135 0.017 0.015
0 0.231 0.425 0.016 0.018
0 0.226 0.44 0.028 0.026
0 0.195 0.244 0.022 0.07
0 0.1145 0.3095 0.023 0.017
0 0.2855 0.1095 0.063 0.041
0 0.4705 0.881 0.051 0.032
0 0.539 0.9015 0.048 0.025
0 0.5495 0.8795 0.035 0.027
0 0.5205 0.8565 0.031 0.015
0 0.513 0.8695 0.032 0.021
0 0.3675 0.932 0.023 0.036
0 0.4165 0.9745 0.065 0.049
0 0.4525 0.913 0.037 0.03
0 0.49 0.9145 0.036 0.017
0 0.548 0.927 0.082 0.03
0 0.5315 0.9675 0.029 0.025
0 0.5115 0.957 0.033 0.02
0 0.6045 0.944 0.023 0.02
0 0.6155 0.9205 0.041 0.041
0 0.7065 0.9485 0.041 0.039
0 0.776 0.964 0.03 0.028
0 0.018 0.926 0.036 0.03
0 0.021 0.977 0.042 0.024
0 0.928 0.9855 0.034 0.027
0 0.9855 0.9815 0.027 0.035
0 0.9425 0.9335 0.037 0.053
0 0.8515 0.9135 0.053 0.085
0 0.806 0.901 0.062 0.068
0 0.7945 0.892 0.051 0.064
0 0.7025 0.8945 0.073 0.047
0 0.7115 0.868 0.083 0.046
0 0.7195 0.8415 0.059 0.037
0 0.717 0.8205 0.056 0.029
0 0.7515 0.788 0.069 0.036
0 0.947 0.8395 0.042 0.051
0 0.9055 0.9015 0.045 0.071
0 0.902 0.8405 0.052 0.063
0 0.863 0.848 0.03 0.026
0 0.933 0.747 0.034 0.02
0 0.9805 0.6655 0.027 0.021
0 0.9885 0.615 0.021 0.024
0 0.957 0.623 0.034 0.032
0 0.9865 0.636 0.025 0.024
0 0.583 0.8645 0.038 0.033
0 0.5815 0.8355 0.063 0.031
0 0.5135 0.836 0.035 0.018
0 0.4845 0.849 0.033 0.024
0 0.449 0.8235 0.028 0.015
0 0.428 0.8025 0.036 0.025
0 0.366 0.796 0.05 0.032
0 0.3305 0.79 0.035 0.03
0 0.3945 0.814 0.033 0.02
0 0.389 0.774 0.044 0.026
0 0.4355 0.758 0.039 0.016
0 0.4105 0.7345 0.035 0.027
0 0.4495 0.729 0.035 0.024
0 0.486 0.77 0.04 0.022
0 0.4825 0.7945 0.043 0.027
0 0.5295 0.8 0.047 0.024
0 0.571 0.786 0.022 0.024
0 0.785 0.7305 0.06 0.043
0 0.763 0.7635 0.074 0.037
0 0.7315 0.7455 0.057 0.035
0 0.693 0.7455 0.026 0.017
0 0.7125 0.725 0.027 0.022
0 0.6385 0.7495 0.059 0.025
0 0.6725 0.854 0.027 0.02
0 0.802 0.6825 0.028 0.013
0 0.7625 0.7095 0.055 0.033
0 0.7355 0.6925 0.073 0.045
0 0.6805 0.703 0.073 0.034
0 0.628 0.705 0.056 0.018
0 0.6055 0.7245 0.013 0.011
0 0.6175 0.6865 0.059 0.033
0 0.6805 0.66 0.123 0.026
0 0.745 0.63 0.062 0.032
0 0.713 0.6035 0.098 0.027
0 0.5265 0.769 0.035 0.018
0 0.5285 0.75 0.033 0.014
0 0.5435 0.7325 0.025 0.029
0 0.564 0.7125 0.03 0.027
0 0.493 0.7135 0.09 0.057
0 0.3545 0.667 0.023 0.034
0 0.4245 0.653 0.049 0.046
0 0.493 0.648 0.034 0.032
0 0.5215 0.653 0.019 0.03
0 0.531 0.609 0.024 0.02
0 0.503 0.584 0.05 0.034
0 0.507 0.622 0.058 0.034
0 0.36 0.542 0.05 0.02
0 0.3835 0.5915 0.011 0.007
0 0.377 0.606 0.014 0.01
0 0.4505 0.5975 0.043 0.017
0 0.434 0.626 0.026 0.024
0 0.5005 0.53 0.035 0.034
0 0.4525 0.5455 0.039 0.029
0 0.4055 0.5635 0.053 0.015
0 0.4095 0.538 0.031 0.032
0 0.3885 0.494 0.041 0.024
0 0.311 0.5285 0.042 0.015
0 0.273 0.5205 0.026 0.027
0 0.3205 0.512 0.047 0.018
0 0.3 0.4925 0.058 0.019
0 0.315 0.4635 0.076 0.039
0 0.327 0.4435 0.068 0.029
0 0.326 0.42 0.06 0.024
0 0.323 0.4065 0.032 0.029
0 0.358 0.3935 0.052 0.057
0 0.6685 0.583 0.043 0.02
0 0.632 0.5955 0.028 0.017
0 0.6005 0.6085 0.045 0.027
0 0.6555 0.5625 0.069 0.023
0 0.6235 0.531 0.087 0.04
0 0.6165 0.496 0.061 0.042
0 0.681 0.5375 0.03 0.015
0 0.6565 0.5235 0.015 0.011
0 0.746 0.519 0.024 0.024
0 0.7125 0.52 0.011 0.012
0 0.7675 0.5205 0.011 0.015
0 0.6985 0.491 0.033 0.03
0 0.6715 0.5135 0.035 0.031
0 0.727 0.4675 0.042 0.047
0 0.775 0.4625 0.042 0.045
0 0.8685 0.5095 0.039 0.035
0 0.9175 0.5105 0.033 0.029
0 0.887 0.4685 0.062 0.043
0 0.93 0.488 0.024 0.026
0 0.949 0.4725 0.018 0.023
0 0.9895 0.4755 0.019 0.045
0 0.9685 0.4405 0.029 0.053
0 0.9385 0.3805 0.051 0.031
0 0.886 0.4265 0.032 0.029
0 0.8205 0.472 0.023 0.022
0 0.808 0.4135 0.044 0.059
0 0.853 0.401 0.016 0.022
0 0.972 0.303 0.036 0.038
0 0.9775 0.3295 0.023 0.043
0 0.962 0.3445 0.006 0.009
0 0.9455 0.3205 0.015 0.019
0 0.971 0.2385 0.022 0.009
0 0.9725 0.225 0.047 0.016
0 0.983 0.179 0.02 0.014
0 0.9655 0.177 0.015 0.014
0 0.944 0.082 0.028 0.024
0 0.965 0.0355 0.026 0.021
0 0.938 0.124 0.034 0.054
0 0.969 0.0895 0.02 0.031
0 0.9115 0.1175 0.031 0.047
0 0.9045 0.083 0.025 0.018
0 0.953 0.1995 0.036 0.019
0 0.915 0.193 0.05 0.026
0 0.9345 0.223 0.027 0.03
0 0.895 0.2185 0.06 0.021
0 0.895 0.24 0.056 0.028
0 0.9065 0.0625 0.043 0.025
0 0.8765 0.0885 0.049 0.023
0 0.8745 0.145 0.017 0.022
0 0.8845 0.128 0.029 0.056
0 0.1685 0.1535 0.019 0.057
0 0.058 0.214 0.032 0.042
0 0.1255 0.0785 0.029 0.029
0 0.0835 0.0575 0.031 0.031
0 0.273 0.054 0.042 0.03
0 0.331 0.157 0.048 0.022
0 0.3975 0.171 0.043 0.03
0 0.5925 0.13 0.031 0.022
0 0.554 0.114 0.048 0.04
0 0.536 0.091 0.03 0.022
0 0.566 0.1705 0.028 0.025
0 0.602 0.1605 0.03 0.023
0 0.6405 0.162 0.035 0.032
0 0.634 0.149 0.034 0.032
0 0.6735 0.166 0.039 0.044
0 0.7065 0.167 0.031 0.056
0 0.7295 0.1435 0.015 0.025
0 0.712 0.101 0.04 0.034
0 0.7445 0.1015 0.031 0.043
0 0.815 0.0475 0.056 0.061
0 0.793 0.11 0.038 0.034
0 0.857 0.034 0.044 0.032
0 0.8345 0.103 0.045 0.036
0 0.843 0.158 0.038 0.032
0 0.8015 0.1385 0.047 0.059
0 0.7495 0.154 0.033 0.046
0 0.565 0.194 0.05 0.032
0 0.4875 0.1715 0.037 0.023
0 0.4435 0.206 0.023 0.03
0 0.4435 0.237 0.015 0.022
0 0.4225 0.235 0.025 0.022
0 0.4425 0.1315 0.021 0.021
0 0.866 0.254 0.046 0.026
0 0.8185 0.2265 0.059 0.035
0 0.794 0.2625 0.068 0.031
0 0.8 0.2475 0.03 0.023
0 0.7385 0.259 0.071 0.038
0 0.776 0.299 0.09 0.044
0 0.7885 0.337 0.051 0.034
0 0.763 0.344 0.05 0.038
0 0.726 0.339 0.052 0.044
0 0.7135 0.352 0.083 0.084
0 0.6945 0.3805 0.041 0.047
0 0.647 0.363 0.038 0.054
0 0.6505 0.398 0.019 0.022
0 0.6385 0.2915 0.025 0.037
0 0.6135 0.33 0.037 0.046
0 0.615 0.3715 0.02 0.025
0 0.5755 0.4365 0.025 0.041
0 0.537 0.43 0.03 0.028
0 0.5345 0.3985 0.029 0.035
0 0.5815 0.3595 0.025 0.041
0 0.5665 0.338 0.033 0.056
0 0.513 0.36 0.028 0.034
0 0.4875 0.3885 0.033 0.027
0 0.5495 0.2755 0.035 0.071
0 0.533 0.2385 0.024 0.051
0 0.5155 0.229 0.023 0.06
0 0.493 0.2215 0.02 0.045
0 0.286 0.387 0.034 0.022
0 0.254 0.3955 0.028 0.013
0 0.3795 0.386 0.053 0.056
0 0.4185 0.37 0.049 0.066
0 0.4495 0.3335 0.021 0.077
0 0.426 0.321 0.026 0.092
0 0.4765 0.265 0.029 0.058
0 0.4945 0.3155 0.023 0.047
0 0.478 0.318 0.022 0.044
0 0.472 0.354 0.022 0.04
0 0.346 0.2935 0.028 0.043
0 0.328 0.2525 0.024 0.035
0 0.3475 0.25 0.025 0.036
0 0.358 0.2175 0.044 0.019
0 0.2285 0.2695 0.017 0.047
0 0.199 0.29 0.024 0.034
0 0.2025 0.3165 0.029 0.031
0 0.203 0.151 0.02 0.03
0 0.7085 0.051 0.033 0.034
0 0.76 0.031 0.026 0.03
0 0.81 0.8205 0.02 0.027
0 0.9505 0.8765 0.035 0.041
0 0.976 0.901 0.024 0.04
0 0.7625 0.8885 0.025 0.021
0 0.748 0.916 0.026 0.026
0 0.2345 0.883 0.029 0.048
0 0.2715 0.8605 0.033 0.027
0 0.041 0.802 0.036 0.056
0 0.0995 0.198 0.009 0.012
0 0.119 0.1805 0.01 0.015
0 0.118 0.2365 0.014 0.019
0 0.075 0.09 0.022 0.012
0 0.0775 0.148 0.013 0.018
0 0.135 0.0345 0.016 0.023
0 0.0815 0.215 0.013 0.022
0 0.094 0.177 0.02 0.018
0 0.866 0.9815 0.012 0.011
0 0.8455 0.9645 0.017 0.017
0 0.9675 0.945 0.015 0.016
0 0.9745 0.8435 0.017 0.015
0 0.9185 0.722 0.057 0.028
0 0.9265 0.6565 0.075 0.021
0 0.685 0.265 0.022 0.016
0 0.209 0.189 0.034 0.032
0 0.213 0.6085 0.016 0.029
0 0.498 0.0895 0.024 0.023
0 0.1255 0.1285 0.021 0.037
