0 0.052 0.0425 0.028 0.021
0 0.1465 0.021 0.019 0.026
0 0.058 0.062 0.024 0.022
0 0.066 0.079 0.026 0.02
0 0.0455 0.095 0.023 0.024
0 0.0135 0.0925 0.017 0.019
0 0.109 0.0745 0.024 0.025
0 0.088 0.074 0.018 0.036
0 0.135 0.073 0.026 0.022
0 0.1625 0.0365 0.027 0.033
0 0.28 0.022 0.032 0.032
0 0.2875 0.054 0.027 0.028
0 0.285 0.084 0.024 0.024
0 0.218 0.0895 0.018 0.025
0 0.1665 0.103 0.027 0.028
0 0.0935 0.124 0.023 0.016
0 0.0515 0.157 0.019 0.016
0 0.194 0.117 0.024 0.022
0 0.194 0.1605 0.03 0.019
0 0.1185 0.1775 0.027 0.025
0 0.091 0.1785 0.022 0.029
0 0.0585 0.1865 0.029 0.025
0 0.24 0.165 0.02 0.014
0 0.209 0.186 0.02 0.03
0 0.233 0.1885 0.014 0.021
0 0.1435 0.1695 0.021 0.023
0 0.109 0.2085 0.036 0.019
0 0.158 0.2055 0.024 0.021
0 0.1825 0.189 0.029 0.02
0 0.064 0.232 0.026 0.026
0 0.1075 0.242 0.037 0.042
0 0.148 0.2315 0.04 0.019
0 0.223 0.142 0.024 0.028
0 0.382 0.021 0.032 0.032
0 0.4005 0.0445 0.029 0.033
0 0.44 0.03 0.026 0.028
0 0.313 0.1085 0.028 0.033
0 0.2815 0.1325 0.029 0.039
0 0.3355 0.1195 0.029 0.039
0 0.361 0.082 0.022 0.024
0 0.3265 0.08 0.039 0.012
0 0.269 0.1715 0.024 0.021
0 0.3715 0.1495 0.031 0.027
0 0.375 0.1765 0.03 0.027
0 0.2745 0.225 0.029 0.028
0 0.183 0.0695 0.016 0.013
0 0.4075 0.0945 0.021 0.021
0 0.4255 0.112 0.027 0.024
0 0.472 0.1185 0.028 0.031
0 0.495 0.107 0.028 0.034
0 0.503 0.064 0.028 0.028
0 0.474 0.0495 0.032 0.025
0 0.3935 0.213 0.025 0.026
0 0.3655 0.223 0.023 0.02
0 0.3395 0.2655 0.021 0.029
0 0.373 0.2505 0.044 0.027
0 0.313 0.258 0.028 0.028
0 0.237 0.27 0.028 0.028
0 0.157 0.2945 0.026 0.031
0 0.1285 0.3005 0.027 0.033
0 0.1015 0.307 0.023 0.032
0 0.074 0.3125 0.018 0.021
0 0.039 0.3415 0.03 0.033
0 0.027 0.381 0.026 0.03
0 0.0555 0.4105 0.033 0.033
0 0.2015 0.3675 0.021 0.021
0 0.182 0.322 0.028 0.028
0 0.272 0.2775 0.022 0.021
0 0.4375 0.2495 0.023 0.031
0 0.4115 0.246 0.021 0.02
0 0.489 0.252 0.03 0.026
0 0.467 0.295 0.016 0.018
0 0.462 0.327 0.024 0.028
0 0.4115 0.322 0.025 0.032
0 0.4105 0.367 0.017 0.02
0 0.208 0.3155 0.028 0.033
0 0.202 0.272 0.026 0.036
0 0.1765 0.261 0.027 0.034
0 0.061 0.471 0.026 0.024
0 0.125 0.4425 0.028 0.027
0 0.1555 0.4615 0.031 0.027
0 0.185 0.4665 0.022 0.027
0 0.15 0.3885 0.018 0.035
0 0.133 0.495 0.032 0.034
0 0.021 0.524 0.018 0.024
0 0.2185 0.516 0.025 0.028
0 0.135 0.5525 0.022 0.021
0 0.045 0.587 0.024 0.03
0 0.3035 0.424 0.029 0.032
0 0.2725 0.513 0.027 0.034
0 0.1745 0.5575 0.029 0.019
0 0.24 0.5595 0.028 0.031
0 0.212 0.572 0.026 0.03
0 0.1895 0.587 0.025 0.034
0 0.227 0.6005 0.03 0.033
0 0.0585 0.675 0.025 0.024
0 0.2585 0.5745 0.027 0.031
0 0.317 0.539 0.036 0.038
0 0.277 0.626 0.024 0.022
0 0.2695 0.6505 0.037 0.027
0 0.3015 0.7135 0.031 0.029
0 0.106 0.648 0.02 0.028
0 0.134 0.6035 0.018 0.027
0 0.1615 0.7195 0.027 0.015
0 0.198 0.736 0.018 0.022
0 0.1285 0.7865 0.029 0.029
0 0.08 0.7435 0.028 0.025
0 0.049 0.807 0.02 0.04
0 0.104 0.823 0.028 0.03
0 0.1745 0.8805 0.027 0.025
0 0.153 0.913 0.032 0.034
0 0.124 0.877 0.026 0.028
0 0.0855 0.8545 0.025 0.027
0 0.074 0.926 0.042 0.034
0 0.1355 0.9235 0.027 0.027
0 0.1625 0.9515 0.029 0.029
0 0.205 0.952 0.026 0.026
0 0.2085 0.8805 0.021 0.025
0 0.254 0.9575 0.028 0.029
0 0.2145 0.983 0.021 0.02
0 0.289 0.8755 0.022 0.021
0 0.2205 0.903 0.023 0.03
0 0.078 0.63 0.018 0.018
0 0.1635 0.65 0.025 0.028
0 0.213 0.653 0.024 0.018
0 0.187 0.767 0.03 0.03
0 0.228 0.783 0.028 0.022
0 0.2045 0.8085 0.027 0.021
0 0.1195 0.749 0.027 0.034
0 0.245 0.7935 0.024 0.033
0 0.26 0.82 0.03 0.028
0 0.295 0.839 0.03 0.036
0 0.361 0.8595 0.032 0.031
0 0.34 0.85 0.032 0.03
0 0.358 0.894 0.026 0.034
0 0.3825 0.9305 0.025 0.029
0 0.3295 0.7435 0.023 0.021
0 0.404 0.773 0.026 0.03
0 0.4275 0.798 0.027 0.028
0 0.4505 0.811 0.025 0.028
0 0.482 0.8275 0.03 0.027
0 0.478 0.896 0.032 0.026
0 0.4075 0.901 0.037 0.028
0 0.448 0.939 0.024 0.03
0 0.479 0.9315 0.026 0.025
0 0.508 0.8505 0.028 0.029
0 0.532 0.858 0.038 0.038
0 0.5065 0.9095 0.029 0.027
0 0.4205 0.965 0.029 0.03
0 0.57 0.9535 0.026 0.029
0 0.6245 0.9275 0.017 0.021
0 0.595 0.957 0.026 0.02
0 0.585 0.8865 0.022 0.025
0 0.578 0.8175 0.028 0.031
0 0.5425 0.74 0.029 0.034
0 0.5045 0.7445 0.029 0.031
0 0.4835 0.729 0.029 0.04
0 0.4675 0.695 0.033 0.028
0 0.6005 0.719 0.029 0.028
0 0.57 0.732 0.016 0.032
0 0.3435 0.656 0.021 0.022
0 0.3725 0.685 0.029 0.028
0 0.3445 0.5905 0.021 0.027
0 0.3635 0.413 0.041 0.034
0 0.4155 0.4685 0.033 0.033
0 0.391 0.4495 0.026 0.035
0 0.467 0.5215 0.03 0.031
0 0.468 0.558 0.028 0.03
0 0.428 0.58 0.02 0.024
0 0.45 0.5995 0.032 0.029
0 0.3885 0.631 0.025 0.034
0 0.4005 0.646 0.029 0.03
0 0.41 0.6675 0.026 0.027
0 0.5675 0.579 0.033 0.024
0 0.6075 0.5615 0.027 0.029
0 0.6145 0.5965 0.029 0.037
0 0.555 0.623 0.034 0.026
0 0.5305 0.624 0.021 0.022
0 0.1605 0.5975 0.025 0.025
0 0.087 0.592 0.012 0.026
0 0.187 0.6965 0.02 0.023
0 0.22 0.6975 0.028 0.025
0 0.3235 0.7885 0.027 0.021
0 0.27 0.752 0.02 0.024
0 0.4225 0.858 0.029 0.036
0 0.3625 0.752 0.029 0.03
0 0.276 0.6855 0.024 0.027
0 0.4635 0.6535 0.013 0.019
0 0.512 0.661 0.036 0.032
0 0.4275 0.485 0.033 0.03
0 0.307 0.494 0.026 0.03
0 0.1475 0.4215 0.021 0.025
0 0.505 0.5035 0.016 0.019
0 0.5315 0.5295 0.021 0.023
0 0.5365 0.5495 0.023 0.023
0 0.5065 0.6125 0.019 0.025
0 0.497 0.5665 0.03 0.031
0 0.588 0.6345 0.022 0.025
0 0.628 0.627 0.028 0.024
0 0.6395 0.6495 0.021 0.023
0 0.6585 0.676 0.029 0.034
0 0.6595 0.5575 0.043 0.041
0 0.696 0.5565 0.026 0.031
0 0.4485 0.364 0.037 0.028
0 0.375 0.3515 0.03 0.033
0 0.5105 0.3565 0.027 0.029
0 0.5425 0.356 0.023 0.032
0 0.572 0.356 0.02 0.022
0 0.5905 0.33 0.025 0.028
0 0.4985 0.2075 0.037 0.033
0 0.5725 0.2055 0.027 0.021
0 0.5075 0.272 0.029 0.032
0 0.624 0.2575 0.03 0.027
0 0.5195 0.095 0.019 0.026
0 0.556 0.0605 0.022 0.029
0 0.6215 0.02 0.039 0.028
0 0.6385 0.048 0.029 0.03
0 0.6195 0.073 0.033 0.028
0 0.6555 0.1065 0.025 0.029
0 0.6225 0.1195 0.029 0.031
0 0.6025 0.1075 0.037 0.019
0 0.548 0.112 0.018 0.05
0 0.631 0.1935 0.03 0.031
0 0.71 0.1855 0.026 0.019
0 0.6585 0.2135 0.023 0.023
0 0.777 0.064 0.038 0.036
0 0.6935 0.0545 0.019 0.025
0 0.697 0.1085 0.032 0.037
0 0.6985 0.147 0.027 0.028
0 0.666 0.1415 0.036 0.033
0 0.7525 0.1205 0.029 0.037
0 0.7255 0.133 0.017 0.032
0 0.756 0.0885 0.026 0.017
0 0.7955 0.036 0.041 0.042
0 0.832 0.047 0.03 0.032
0 0.8625 0.028 0.025 0.026
0 0.919 0.0225 0.026 0.017
0 0.8045 0.183 0.033 0.032
0 0.4725 0.4155 0.021 0.031
0 0.536 0.448 0.034 0.024
0 0.5795 0.4465 0.025 0.019
0 0.573 0.4255 0.018 0.023
0 0.6105 0.399 0.025 0.022
0 0.665 0.3905 0.032 0.025
0 0.645 0.3535 0.028 0.031
0 0.7535 0.199 0.015 0.014
0 0.8475 0.1305 0.031 0.027
0 0.895 0.1015 0.032 0.023
0 0.819 0.1535 0.028 0.025
0 0.846 0.16 0.024 0.024
0 0.863 0.1735 0.02 0.021
0 0.8905 0.1675 0.029 0.037
0 0.911 0.1705 0.02 0.025
0 0.939 0.1695 0.026 0.023
0 0.963 0.174 0.03 0.026
0 0.8725 0.1295 0.025 0.023
0 0.891 0.13 0.016 0.022
0 0.6655 0.0585 0.037 0.037
0 0.473 0.4405 0.02 0.017
0 0.357 0.298 0.016 0.016
0 0.347 0.622 0.028 0.026
0 0.5915 0.794 0.021 0.024
0 0.677 0.748 0.026 0.028
0 0.7055 0.7745 0.027 0.025
0 0.708 0.801 0.024 0.024
0 0.7385 0.796 0.033 0.03
0 0.754 0.8125 0.024 0.023
0 0.8075 0.8235 0.023 0.021
0 0.8305 0.808 0.021 0.026
0 0.865 0.81 0.026 0.028
0 0.7145 0.3125 0.031 0.029
0 0.6685 0.24 0.031 0.032
0 0.689 0.216 0.022 0.028
0 0.7845 0.2235 0.017 0.021
0 0.855 0.207 0.03 0.032
0 0.879 0.228 0.03 0.028
0 0.969 0.2255 0.026 0.029
0 0.9405 0.245 0.023 0.024
0 0.847 0.269 0.028 0.028
0 0.8705 0.2645 0.017 0.033
0 0.889 0.2655 0.016 0.021
0 0.6735 0.3565 0.027 0.029
0 0.6985 0.3595 0.027 0.035
0 0.707 0.462 0.028 0.024
0 0.7735 0.4 0.033 0.024
0 0.75 0.428 0.028 0.03
0 0.734 0.3385 0.026 0.029
0 0.5545 0.307 0.023 0.024
0 0.6915 0.2515 0.023 0.023
0 0.933 0.0555 0.028 0.027
0 0.98 0.0965 0.032 0.031
0 0.941 0.144 0.032 0.026
0 0.7355 0.2705 0.029 0.025
0 0.796 0.322 0.042 0.03
0 0.844 0.3065 0.03 0.023
0 0.966 0.317 0.022 0.026
0 0.8765 0.346 0.031 0.02
0 0.875 0.4025 0.032 0.021
0 0.825 0.4135 0.024 0.027
0 0.802 0.46 0.03 0.03
0 0.8035 0.491 0.023 0.024
0 0.7635 0.552 0.027 0.024
0 0.879 0.534 0.03 0.028
0 0.9145 0.4195 0.027 0.029
0 0.9465 0.429 0.027 0.022
0 0.968 0.527 0.024 0.032
0 0.8295 0.5395 0.029 0.029
0 0.771 0.583 0.03 0.026
0 0.7915 0.5995 0.017 0.019
0 0.897 0.746 0.036 0.026
0 0.953 0.795 0.026 0.028
0 0.9205 0.6535 0.027 0.029
0 0.9695 0.6485 0.033 0.031
0 0.862 0.595 0.038 0.044
0 0.943 0.6245 0.024 0.041
0 0.706 0.6315 0.014 0.025
0 0.6745 0.7795 0.021 0.025
0 0.65 0.938 0.028 0.04
0 0.6825 0.9525 0.035 0.037
0 0.7335 0.975 0.023 0.032
0 0.753 0.6835 0.04 0.039
0 0.8825 0.6975 0.023 0.017
0 0.803 0.626 0.022 0.026
0 0.724 0.6495 0.03 0.029
0 0.9175 0.3475 0.025 0.023
0 0.917 0.3705 0.032 0.017
0 0.875 0.382 0.02 0.014
0 0.8485 0.3775 0.019 0.019
0 0.7225 0.5205 0.031 0.029
0 0.74 0.4785 0.028 0.037
0 0.7725 0.4925 0.025 0.051
0 0.802 0.738 0.034 0.034
0 0.9445 0.7235 0.021 0.031
0 0.8965 0.861 0.023 0.032
0 0.8695 0.312 0.025 0.03
0 0.918 0.2675 0.026 0.027
0 0.7575 0.281 0.031 0.038
0 0.6855 0.2805 0.029 0.031
0 0.681 0.311 0.034 0.03
0 0.5275 0.2135 0.031 0.035
0 0.558 0.6935 0.032 0.035
0 0.7005 0.5925 0.045 0.021
0 0.743 0.735 0.022 0.032
0 0.665 0.848 0.024 0.024
0 0.6615 0.7195 0.029 0.037
0 0.2405 0.46 0.025 0.024
0 0.042 0.3135 0.026 0.027
0 0.636 0.467 0.014 0.026
0 0.669 0.4425 0.028 0.039
0 0.725 0.394 0.02 0.018
0 0.82 0.5715 0.024 0.025
0 0.97 0.695 0.014 0.028
0 0.952 0.6845 0.026 0.019
0 0.778 0.828 0.022 0.026
0 0.8385 0.7805 0.039 0.019
0 0.3165 0.2945 0.025 0.027
0 0.182 0.354 0.028 0.032
0 0.239 0.3405 0.026 0.035
0 0.5075 0.3225 0.021 0.017
0 0.049 0.567 0.024 0.018
0 0.1325 0.6385 0.017 0.025
0 0.287 0.45 0.024 0.026
0 0.32 0.6005 0.02 0.031
0 0.1705 0.6725 0.023 0.015
0 0.3275 0.942 0.023 0.018
0 0.365 0.667 0.026 0.026
0 0.6905 0.023 0.035 0.034
0 0.6585 0.0315 0.025 0.023
0 0.817 0.111 0.018 0.026
0 0.9625 0.0685 0.027 0.027
0 0.9365 0.113 0.025 0.026
0 0.97 0.269 0.018 0.024
0 0.9745 0.4395 0.027 0.031
0 0.941 0.386 0.022 0.024
0 0.972 0.943 0.03 0.03
0 0.9315 0.908 0.029 0.026
0 0.74 0.8525 0.026 0.025
0 0.8055 0.98 0.023 0.026
0 0.535 0.9655 0.028 0.025
0 0.5705 0.869 0.025 0.024
0 0.613 0.819 0.024 0.022
0 0.742 0.6195 0.028 0.025
0 0.4255 0.7735 0.021 0.021
0 0.474 0.7985 0.022 0.023
0 0.802 0.775 0.038 0.028
0 0.8955 0.6005 0.039 0.027
0 0.744 0.2175 0.016 0.013
0 0.4395 0.335 0.019 0.018
0 0.564 0.5225 0.026 0.021
0 0.634 0.496 0.024 0.024
0 0.627 0.387 0.024 0.02
0 0.862 0.514 0.028 0.028
0 0.4725 0.081 0.031 0.018
0 0.139 0.2675 0.022 0.023
0 0.8735 0.836 0.039 0.03
0 0.842 0.6945 0.02 0.025
0 0.948 0.588 0.028 0.018
0 0.6355 0.227 0.027 0.024
0 0.5865 0.693 0.023 0.026
0 0.611 0.676 0.016 0.022
0 0.642 0.7085 0.014 0.025
0 0.7165 0.7295 0.019 0.019
0 0.5335 0.5 0.045 0.02
0 0.8905 0.7955 0.033 0.019
0 0.282 0.5335 0.014 0.019
0 0.7155 0.0855 0.021 0.015
0 0.9785 0.024 0.027 0.024
0 0.7585 0.165 0.029 0.034
0 0.1865 0.0125 0.027 0.025
0 0.214 0.0105 0.03 0.021
0 0.2535 0.0095 0.027 0.019
0 0.4325 0.0925 0.019 0.013
0 0.6035 0.006 0.033 0.012
0 0.7505 0.016 0.033 0.028
0 0.8365 0.015 0.033 0.03
0 0.881 0.0105 0.026 0.021
0 0.3905 0.1325 0.019 0.019
0 0.2785 0.195 0.019 0.03
0 0.5085 0.152 0.019 0.016
0 0.5115 0.17 0.017 0.02
0 0.495 0.1685 0.018 0.023
0 0.6975 0.4095 0.027 0.027
0 0.6095 0.4625 0.023 0.031
0 0.492 0.4355 0.02 0.027
0 0.593 0.5865 0.024 0.027
0 0.4095 0.704 0.029 0.036
0 0.0245 0.8435 0.029 0.039
0 0.0085 0.822 0.017 0.048
0 0.1875 0.9735 0.021 0.021
0 0.274 0.98 0.02 0.032
0 0.291 0.986 0.024 0.022
0 0.3225 0.9915 0.027 0.015
0 0.4555 0.9895 0.027 0.019
0 0.571 0.992 0.036 0.014
0 0.606 0.9835 0.032 0.027
0 0.8425 0.744 0.041 0.042
0 0.916 0.7245 0.022 0.033
0 0.893 0.619 0.03 0.02
0 0.985 0.6105 0.022 0.031
0 0.644 0.8055 0.026 0.033
0 0.824 0.688 0.026 0.038
0 0.7935 0.5555 0.027 0.027
0 0.748 0.5035 0.022 0.025
0 0.541 0.4255 0.024 0.021
0 0.7865 0.2735 0.021 0.041
0 0.9175 0.0805 0.043 0.029
0 0.9875 0.051 0.023 0.038
0 0.9585 0.0415 0.025 0.023
0 0.9705 0.1375 0.027 0.029
0 0.985 0.254 0.016 0.026
0 0.991 0.316 0.016 0.032
0 0.9875 0.4085 0.015 0.017
0 0.986 0.4595 0.024 0.023
0 0.9075 0.5225 0.027 0.031
0 0.9805 0.5855 0.027 0.015
0 0.993 0.638 0.012 0.028
0 0.839 0.3495 0.044 0.035
0 0.848 0.4065 0.022 0.023
0 0.8255 0.388 0.019 0.018
0 0.581 0.498 0.026 0.03
0 0.5305 0.586 0.027 0.022
0 0.3045 0.6105 0.009 0.019
0 0.25 0.617 0.024 0.038
0 0.3105 0.5685 0.021 0.021
0 0.434 0.166 0.024 0.026
0 0.458 0.7305 0.012 0.017
0 0.5235 0.296 0.037 0.028
0 0.1085 0.8615 0.023 0.021
0 0.543 0.5655 0.02 0.023
0 0.637 0.091 0.01 0.014
0 0.605 0.0425 0.026 0.021
0 0.914 0.132 0.02 0.032
