0 0.9165 0.1015 0.035 0.023
0 0.883 0.2805 0.032 0.033
0 0.9055 0.2265 0.039 0.025
0 0.9035 0.2535 0.033 0.029
0 0.9 0.4405 0.034 0.027
0 0.886 0.486 0.018 0.016
0 0.7685 0.6395 0.037 0.033
0 0.607 0.7815 0.032 0.029
0 0.5465 0.7945 0.033 0.029
0 0.5765 0.831 0.035 0.028
0 0.4625 0.7115 0.029 0.025
0 0.4325 0.728 0.029 0.026
0 0.4905 0.6875 0.035 0.035
0 0.5115 0.6715 0.029 0.031
0 0.565 0.6665 0.03 0.031
0 0.5985 0.682 0.023 0.028
0 0.508 0.7315 0.034 0.025
0 0.391 0.8545 0.034 0.029
0 0.371 0.8305 0.03 0.027
0 0.3815 0.7945 0.025 0.027
0 0.3515 0.7895 0.025 0.029
0 0.4105 0.9845 0.029 0.029
0 0.7525 0.9045 0.033 0.037
0 0.846 0.91 0.026 0.036
0 0.98 0.9165 0.032 0.033
0 0.8455 0.8465 0.043 0.031
0 0.733 0.7375 0.038 0.029
0 0.756 0.721 0.042 0.032
0 0.7555 0.7675 0.043 0.035
0 0.645 0.7515 0.03 0.025
0 0.667 0.7095 0.03 0.031
0 0.0235 0.9225 0.035 0.031
0 0.0365 0.828 0.029 0.028
0 0.03 0.7985 0.012 0.013
0 0.1575 0.6695 0.021 0.027
0 0.297 0.6125 0.028 0.029
0 0.3085 0.5785 0.035 0.029
0 0.309 0.5305 0.026 0.027
0 0.3945 0.5675 0.031 0.027
0 0.29 0.72 0.028 0.016
0 0.3535 0.5075 0.035 0.031
0 0.394 0.4585 0.028 0.029
0 0.4175 0.4425 0.035 0.029
0 0.454 0.4305 0.034 0.027
0 0.4785 0.386 0.029 0.028
0 0.495 0.3915 0.008 0.013
0 0.5365 0.238 0.029 0.034
0 0.8625 0.1715 0.031 0.031
0 0.842 0.141 0.028 0.026
0 0.816 0.129 0.03 0.024
0 0.711 0.188 0.038 0.026
0 0.658 0.182 0.036 0.026
0 0.1885 0.0355 0.013 0.011
0 0.231 0.2265 0.03 0.027
0 0.2855 0.2415 0.035 0.031
0 0.2345 0.3205 0.023 0.015
0 0.159 0.432 0.03 0.03
0 0.477 0.265 0.03 0.028
0 0.705 0.014 0.032 0.026
0 0.745 0.025 0.034 0.032
0 0.9665 0.3045 0.031 0.027
0 0.9665 0.327 0.037 0.036
0 0.9375 0.373 0.023 0.026
0 0.937 0.4075 0.038 0.031
0 0.913 0.665 0.034 0.034
0 0.892 0.775 0.032 0.036
0 0.96 0.7595 0.032 0.033
0 0.9155 0.868 0.035 0.026
0 0.9095 0.907 0.035 0.038
0 0.9845 0.9565 0.029 0.027
0 0.921 0.9645 0.032 0.033
0 0.9265 0.9475 0.027 0.035
0 0.9445 0.984 0.025 0.018
0 0.9595 0.9735 0.011 0.009
0 0.5395 0.94 0.031 0.024
0 0.512 0.9715 0.042 0.031
0 0.481 0.982 0.03 0.024
0 0.507 0.988 0.032 0.022
0 0.371 0.915 0.032 0.036
0 0.3115 0.868 0.041 0.024
0 0.03 0.7445 0.038 0.031
0 0.083 0.624 0.034 0.032
0 0.0145 0.6265 0.027 0.027
0 0.0445 0.534 0.035 0.032
0 0.703 0.2555 0.042 0.037
0 0.7295 0.427 0.029 0.026
0 0.702 0.456 0.03 0.034
0 0.7485 0.5705 0.035 0.033
0 0.801 0.7235 0.024 0.013
0 0.5555 0.639 0.035 0.032
0 0.59 0.6475 0.028 0.025
0 0.5965 0.529 0.031 0.03
0 0.6085 0.4975 0.033 0.029
0 0.585 0.471 0.038 0.038
0 0.4835 0.5435 0.029 0.035
0 0.5295 0.544 0.029 0.036
0 0.432 0.594 0.034 0.028
0 0.343 0.584 0.03 0.03
0 0.777 0.3035 0.046 0.033
0 0.6265 0.0445 0.037 0.039
0 0.752 0.1405 0.032 0.027
0 0.721 0.124 0.036 0.028
0 0.681 0.1175 0.034 0.033
0 0.5965 0.249 0.015 0.018
0 0.5165 0.263 0.035 0.022
0 0.0695 0.2635 0.031 0.021
0 0.105 0.2895 0.034 0.015
0 0.082 0.069 0.036 0.034
0 0.026 0.3635 0.042 0.033
0 0.0675 0.506 0.039 0.032
0 0.0925 0.5205 0.037 0.031
0 0.1005 0.471 0.035 0.03
0 0.2365 0.546 0.037 0.034
0 0.2425 0.6785 0.029 0.033
0 0.679 0.5235 0.034 0.033
0 0.595 0.378 0.04 0.034
0 0.491 0.433 0.032 0.034
0 0.247 0.633 0.028 0.02
0 0.257 0.6075 0.034 0.027
0 0.1755 0.719 0.033 0.024
0 0.1725 0.748 0.035 0.034
0 0.6825 0.409 0.035 0.03
0 0.4355 0.1035 0.041 0.037
0 0.415 0.062 0.03 0.03
0 0.3485 0.141 0.041 0.036
0 0.357 0.101 0.034 0.038
0 0.2535 0.1075 0.035 0.035
0 0.2275 0.142 0.025 0.03
0 0.0855 0.1675 0.043 0.035
0 0.0555 0.3955 0.037 0.025
0 0.0105 0.4915 0.021 0.021
0 0.035 0.482 0.03 0.03
0 0.1755 0.6905 0.021 0.029
0 0.836 0.721 0.008 0.01
0 0.9035 0.715 0.035 0.032
0 0.7435 0.7025 0.017 0.011
0 0.801 0.4825 0.03 0.027
0 0.813 0.542 0.036 0.028
0 0.1475 0.942 0.025 0.026
0 0.224 0.935 0.028 0.038
0 0.0505 0.008 0.019 0.016
0 0.2675 0.5795 0.035 0.031
0 0.371 0.6055 0.032 0.025
0 0.6375 0.8 0.033 0.034
0 0.9175 0.6255 0.037 0.031
0 0.8915 0.5945 0.035 0.037
0 0.8595 0.59 0.027 0.024
0 0.797 0.5955 0.01 0.011
0 0.709 0.946 0.038 0.028
0 0.685 0.8465 0.03 0.031
0 0.0415 0.152 0.031 0.038
0 0.353 0.0515 0.028 0.035
0 0.8625 0.4185 0.035 0.029
0 0.8205 0.47 0.021 0.028
0 0.8545 0.47 0.017 0.02
0 0.8135 0.977 0.041 0.03
0 0.9675 0.2695 0.021 0.025
0 0.0265 0.03 0.017 0.022
0 0.0195 0.0455 0.011 0.017
0 0.225 0.3915 0.038 0.037
0 0.621 0.721 0.03 0.024
0 0.667 0.73 0.02 0.018
0 0.8015 0.8325 0.041 0.029
0 0.8235 0.8285 0.009 0.009
0 0.861 0.818 0.036 0.024
0 0.892 0.685 0.038 0.036
0 0.7835 0.116 0.027 0.03
0 0.4685 0.1245 0.023 0.021
0 0.497 0.1465 0.04 0.039
0 0.254 0.1505 0.02 0.019
0 0.2815 0.0925 0.027 0.035
0 0.2085 0.0675 0.033 0.029
0 0.52 0.8975 0.034 0.029
0 0.622 0.6445 0.03 0.027
0 0.4635 0.6015 0.023 0.025
0 0.4885 0.591 0.033 0.036
0 0.509 0.5785 0.02 0.023
0 0.014 0.7145 0.028 0.037
0 0.923 0.1445 0.03 0.029
0 0.922 0.032 0.036 0.036
0 0.9305 0.0615 0.027 0.025
0 0.082 0.8475 0.026 0.039
0 0.582 0.8085 0.028 0.025
0 0.5225 0.7695 0.037 0.031
0 0.3575 0.5605 0.027 0.025
0 0.1235 0.6185 0.029 0.035
0 0.7885 0.939 0.035 0.036
0 0.5025 0.9335 0.029 0.025
0 0.2925 0.207 0.021 0.012
0 0.2965 0.113 0.027 0.036
0 0.101 0.259 0.012 0.01
0 0.695 0.883 0.018 0.026
0 0.3625 0.628 0.035 0.026
0 0.8105 0.389 0.031 0.03
0 0.789 0.882 0.038 0.04
0 0.1275 0.7925 0.041 0.023
0 0.324 0.7915 0.032 0.039
0 0.508 0.7505 0.026 0.025
0 0.574 0.772 0.022 0.024
0 0.314 0.714 0.024 0.024
0 0.3295 0.7005 0.021 0.019
0 0.967 0.5665 0.012 0.017
0 0.677 0.911 0.018 0.02
0 0.4495 0.632 0.033 0.03
0 0.4555 0.0145 0.041 0.029
0 0.633 0.3095 0.032 0.021
0 0.7145 0.336 0.033 0.02
0 0.7255 0.536 0.039 0.036
0 0.3595 0.691 0.029 0.034
0 0.9655 0.38 0.043 0.036
0 0.399 0.777 0.036 0.026
0 0.41 0.7985 0.024 0.027
0 0.308 0.372 0.038 0.03
0 0.0805 0.9085 0.031 0.035
0 0.195 0.828 0.014 0.022
0 0.402 0.131 0.03 0.042
0 0.6005 0.145 0.031 0.036
0 0.5895 0.1175 0.041 0.037
0 0.638 0.2535 0.024 0.027
0 0.5505 0.2125 0.027 0.029
0 0.852 0.2715 0.05 0.055
0 0.703 0.371 0.026 0.016
0 0.1415 0.858 0.017 0.034
0 0.344 0.957 0.03 0.026
0 0.13 0.1825 0.034 0.017
0 0.325 0.828 0.038 0.03
0 0.241 0.7005 0.024 0.025
0 0.2635 0.73 0.027 0.018
0 0.5255 0.417 0.027 0.028
0 0.401 0.313 0.036 0.014
0 0.6275 0.285 0.015 0.012
0 0.814 0.355 0.04 0.034
0 0.392 0.813 0.022 0.022
0 0.803 0.047 0.028 0.02
0 0.823 0.0695 0.034 0.021
0 0.0325 0.313 0.035 0.02
0 0.42 0.3685 0.03 0.021
0 0.326 0.066 0.032 0.036
0 0.673 0.081 0.012 0.012
0 0.6885 0.166 0.047 0.032
0 0.72 0.1555 0.028 0.025
0 0.8685 0.209 0.025 0.024
0 0.9575 0.2595 0.021 0.033
0 0.83 0.2985 0.03 0.021
0 0.796 0.7535 0.044 0.039
0 0.0395 0.8645 0.029 0.019
0 0.134 0.472 0.03 0.03
0 0.619 0.985 0.034 0.014
0 0.688 0.6065 0.034 0.033
0 0.321 0.0135 0.028 0.025
0 0.296 0.028 0.022 0.03
0 0.39 0.074 0.028 0.026
0 0.4625 0.147 0.019 0.018
0 0.381 0.1515 0.018 0.025
0 0.4155 0.1955 0.029 0.021
0 0.4465 0.2425 0.035 0.033
0 0.347 0.348 0.038 0.03
0 0.046 0.1075 0.034 0.033
0 0.8755 0.082 0.023 0.018
0 0.847 0.0445 0.016 0.013
0 0.9065 0.059 0.029 0.022
0 0.9435 0.138 0.011 0.012
0 0.835 0.3775 0.012 0.023
0 0.929 0.5015 0.018 0.025
0 0.634 0.4185 0.038 0.031
0 0.5345 0.5135 0.035 0.029
0 0.4105 0.5415 0.035 0.029
0 0.452 0.5615 0.034 0.037
0 0.473 0.763 0.022 0.02
0 0.398 0.7435 0.022 0.023
0 0.223 0.789 0.02 0.02
0 0.262 0.763 0.024 0.024
0 0.1575 0.7685 0.027 0.031
0 0.03 0.6865 0.03 0.033
0 0.8175 0.515 0.035 0.026
0 0.943 0.718 0.034 0.036
0 0.9625 0.582 0.029 0.022
0 0.978 0.6015 0.034 0.023
0 0.7685 0.6855 0.033 0.041
0 0.712 0.798 0.03 0.034
0 0.702 0.8145 0.04 0.033
0 0.1965 0.3515 0.043 0.031
0 0.0935 0.3545 0.023 0.037
0 0.048 0.349 0.034 0.032
0 0.1225 0.364 0.033 0.032
0 0.184 0.308 0.038 0.012
0 0.162 0.2915 0.038 0.017
0 0.2895 0.145 0.041 0.034
0 0.705 0.2115 0.03 0.027
0 0.9405 0.5185 0.025 0.019
0 0.847 0.533 0.018 0.018
0 0.859 0.546 0.012 0.01
0 0.8895 0.516 0.017 0.024
0 0.9505 0.558 0.027 0.03
0 0.962 0.68 0.026 0.016
0 0.936 0.78 0.03 0.032
0 0.8725 0.336 0.021 0.022
0 0.892 0.334 0.024 0.024
0 0.887 0.314 0.036 0.022
0 0.5545 0.359 0.029 0.026
0 0.4985 0.366 0.027 0.032
0 0.541 0.4705 0.028 0.025
0 0.6095 0.577 0.023 0.022
0 0.5315 0.6545 0.033 0.031
0 0.787 0.006 0.038 0.012
0 0.0275 0.227 0.025 0.028
0 0.166 0.5 0.032 0.02
0 0.048 0.633 0.034 0.034
0 0.0775 0.654 0.027 0.02
0 0.152 0.6455 0.02 0.021
0 0.199 0.637 0.012 0.016
0 0.051 0.766 0.034 0.03
0 0.5925 0.4145 0.035 0.029
0 0.322 0.222 0.014 0.016
0 0.499 0.2055 0.062 0.031
0 0.4545 0.357 0.033 0.016
0 0.3805 0.377 0.017 0.02
0 0.3915 0.3855 0.017 0.011
0 0.6235 0.1945 0.021 0.021
0 0.189 0.3825 0.042 0.035
0 0.1645 0.384 0.015 0.012
0 0.215 0.523 0.038 0.026
0 0.3155 0.9005 0.021 0.025
0 0.332 0.886 0.032 0.026
0 0.3275 0.9355 0.035 0.033
0 0.3705 0.9685 0.035 0.031
0 0.3455 0.987 0.029 0.024
0 0.4315 0.7595 0.029 0.027
0 0.591 0.8575 0.024 0.021
0 0.81 0.8755 0.038 0.029
0 0.465 0.736 0.038 0.032
0 0.3685 0.7725 0.031 0.033
0 0.174 0.087 0.038 0.038
0 0.964 0.133 0.02 0.036
0 0.289 0.7595 0.02 0.025
0 0.278 0.7835 0.016 0.033
0 0.135 0.649 0.018 0.022
0 0.1345 0.5025 0.035 0.029
0 0.163 0.354 0.032 0.038
0 0.012 0.1775 0.022 0.019
0 0.0135 0.0845 0.017 0.025
0 0.9765 0.6325 0.021 0.033
0 0.7775 0.557 0.037 0.026
0 0.6765 0.3125 0.027 0.021
0 0.6345 0.3625 0.027 0.019
0 0.6445 0.3725 0.019 0.011
0 0.7795 0.34 0.025 0.01
0 0.715 0.2365 0.028 0.019
0 0.683 0.9905 0.026 0.015
0 0.219 0.9815 0.03 0.031
0 0.015 0.6585 0.03 0.029
0 0.9885 0.365 0.021 0.032
0 0.2205 0.428 0.039 0.026
0 0.207 0.4495 0.028 0.025
